0.4268
0.411
0.3953
0.5211
0.6161
0.6511
0.626
0.7648
0.7794
0.7567
0.8154
0.8349
0.8322
0.827
0.79
0.8298
0.8473
0.8374
0.8551
0.8538
0.858
0.8547
0.8532
0.8608
0.8584
0.855
0.8565
0.8638
0.8603
0.8647
0.8692
0.8545
0.8704
0.8666
0.8926
0.8516
0.8706
0.8654
0.8562
0.8676
0.8574
0.8764
0.874
0.868
0.8646
0.894
0.8733
0.8743
0.8607
0.8734
0.888
0.8689
0.8571
0.8743
0.8904
0.9027
0.8893
0.8965
0.8913
0.897
0.8886
0.8933
0.8911
0.8816
0.8935
0.896
0.9109
0.8977
0.8943
0.8921
0.9082
0.9043
0.9027
0.9014
0.9
0.9002
0.9091
0.925
0.917
0.9249
0.9259
0.9312
0.9335
0.9162
0.9297
0.9169
0.9233
0.9321
0.9282
0.9291
0.935
0.9337
0.931
0.9337
0.9382
0.9174
0.9345
0.9321
0.9321
0.9357
0.9351
0.9371
0.9355
0.9373
0.9358
0.9338
0.9325
0.9309
0.9369
0.9389
0.9375
0.9363
0.9376
0.9371
0.9363
0.9379
0.9335
0.9391
0.9375
0.9346
0.9373
0.9383
0.9386
0.9364
0.9412
0.9382
0.9391
0.9387
0.9384
0.9403
0.9385
0.9365
0.9377
0.939
0.9346
0.9354
0.9402
0.938
0.9389
0.9363
0.9391
0.9362
0.9399
0.9413
0.9355
0.939
0.9403
0.9367
0.9375
0.9404
0.939
0.9413
0.9404
0.9371
0.9397
0.9376
0.9377
0.9408
0.9385
0.9402
0.9377
0.942
0.9378
0.937
0.9381
0.9404
0.9406
0.9427
0.9382
0.9398
0.9428
0.9381
0.9419
0.942
0.9414
0.9418
0.9424
0.9404
0.9396
0.9385
0.9407
0.9365
0.9409
0.9397
0.9423
0.9419
0.9421
0.9413
0.9415
0.9392
0.9386
0.9411
0.942
0.9424
0.941
0.9412
0.9423
0.9405
0.9445
0.9422
0.9407
0.9398
0.9427
0.9421
0.9428
0.94
0.9387
0.941
0.9389
0.9426
0.9416
0.9427
0.9427
0.9427
0.9415
0.9436
0.9396
0.9414
0.9414
0.9402
0.9404
0.941
0.9396
0.941
0.94
0.9404
0.9416
0.939
0.9434
0.9414
0.941
0.939
0.9443
0.9424
0.943
0.9419
0.941
0.9449
0.9395
0.9435
0.9428
0.9441
0.9447
0.9448
0.9442
0.9403
0.9429
0.9443
0.9447
0.9407
0.9412
0.9398
0.9399
0.9435
0.9424
0.9433
0.9426
0.9414
0.9432
0.9414
0.9438
0.9433
0.9425
0.9449
0.9416
0.9406
0.943
0.9433
0.9441
0.9416
0.9417
0.9431
0.9416
0.9446
0.9424
0.9448
0.944
0.9415
0.9428
0.9439
0.9444
0.943
0.9431
0.9432
0.9424
0.9429
0.9434
0.9404
0.9434
0.9441
0.944
0.9445
0.9429
0.9415
0.9413
0.9413
0.9429
0.9445
0.9428
0.9417
0.9419
0.9427
0.9434
0.9443
0.9426
0.941
0.945
0.9437
0.9411
0.9446
0.9425
0.943
0.9427
0.9415
0.9423
0.9433
0.9418
0.9413
0.9421
0.9416
0.9435
0.9429
0.9413
0.9438
0.9437
0.9421
0.9437
0.9424
0.9423
0.9421
0.9424
0.9422
0.9446
0.9425
0.9445
0.9424
0.9414
0.9444
0.9414
0.9429
0.9418
0.943
0.9442
0.9435
0.9436
0.9438
0.9423
0.9447
0.9434
0.9441
0.9428
0.9451
0.9447
0.9423
0.9402
0.9414
0.9438
0.9433
0.9433
0.9425
0.9428
0.9441
0.9439
0.9449
0.9428
0.9438
0.9436
0.9439
0.9444
0.9414
0.9426
0.9431
0.9429
0.9421
0.9433
0.9432
0.9434
0.9442
0.9432
0.9439
0.944
0.9445
0.9437
0.9447
0.945
0.9445
0.943
0.9443
0.9447
0.9444
0.9442
0.9442
0.943
0.9445
0.9435
0.9446
0.9438
0.9429
0.9449
0.9446
0.9437
0.9422
0.9434
0.9429
0.9441
0.9439
0.9437
0.9423
0.9418
0.9431
0.9428
0.9425
0.9435
0.9425
0.9442
0.9424
0.9443
0.9423
0.9421
0.9449
0.9433
0.9436
0.9448
0.9429
0.9425
0.9452
0.9424
0.9428
0.9432
0.9427
0.9424
0.9433
0.9434
0.9452
0.9439
0.9428
0.9434
0.9432
0.9427
0.9443
0.9425
0.9445
0.9419
0.9418
0.9426
0.9448
0.9421
0.9429
0.945
0.9434
0.9447
0.9439
0.9453
0.9453
0.9436
0.9437
0.9438
0.9432
0.9429
0.9438
0.9423
0.9436
0.9437
0.9435
0.9435
0.9442
0.9436
0.9434
0.9436
0.943
0.9432
0.9432
0.9432
0.9439
0.9453
0.9435
0.9434
0.9429
0.9429
0.9446
0.9428
0.9438
0.944
0.9429
0.9435
0.9432
0.9432
0.9441
0.943
0.9431
0.9423
0.9446
0.9438
0.9437
0.9437
0.9431
0.9436
0.944
0.9439
0.9446
0.9427
0.9456
0.9424
0.9435
0.9433
0.9432
0.9443
0.9443
0.9454
0.945
0.9434
0.9442
0.9436
0.942
0.9432
0.9438
0.9432
0.9432
0.9444
0.9439
0.944
0.9434
0.9443
0.9444
0.9441
0.9445
0.9435
0.9428
0.9437
0.9448
0.9444
0.9448
0.945
0.9433
0.9443
0.943
0.9441
0.9436
0.9427
0.9432
0.9428
0.9433
0.9418
0.9436
0.943
0.9448
0.9441
0.9429
0.9446
0.944
0.9434
0.9439
0.9431
0.9446
0.9438
0.944
0.9439
0.9436
0.9449
0.9442
0.9443
0.9435
0.9425
0.9434
0.9431
0.944
0.9431
0.9435
0.9426
0.9425
0.9436
0.9441
0.9436
0.943
0.9433
0.9438
0.9435
0.9428
0.9432
0.9437
0.9441
0.9438
0.944
0.9434
0.9442
0.9433
0.9453
0.9441
0.944
0.9438
0.943
0.9429
0.9437
0.9447
0.9431
0.9442
0.9438
0.944
0.9442
0.9435
0.9433
0.944
0.9443
0.9438
0.944
0.9443
0.9438
0.9434
0.9441
0.944
0.9449
0.9438
0.9439
0.943
0.9433
0.9432
0.9436
0.9443
0.9439
0.9442
0.9443
0.9429
0.9433
0.9436
0.9446
0.9444
0.9442
0.9434
0.9439
0.9444
0.9435
0.9436
0.9438
0.9452
0.944
0.9441
0.9456
0.9445
0.9454
0.9454
0.9441
0.9449
0.9441
0.9444
0.944
0.9438
0.9443
0.9443
0.9446
0.9441
0.9443
0.9438
0.9434
0.9441
0.9436
0.9442
0.944
0.9443
0.9436
0.944
0.9442
0.944
0.9439
0.9436
0.943
0.9439
0.9444
0.9431
0.9442
0.9429
0.9439
0.9432
0.9441
0.9442
0.9441
0.943
0.9434
0.9435
0.944
0.9446
0.9439
0.9442
0.9437
0.944
0.9432
0.9438
0.9433
0.9438
0.9436
0.9434
0.9446
0.944
0.9438
0.9441
0.9443
0.9439
0.9438
0.9439
0.9433
0.9436
0.9435
0.9431
0.9433
0.9437
0.9442
0.9434
0.9433
0.9441
0.9433
0.943
0.9431
0.9435
0.9434
0.9435
0.944
0.9444
0.9437
0.9438
0.9435
0.9432
0.9434
0.943
0.9438
0.9437
0.9441
0.9437
0.9433
0.9434
0.9437
0.9433
0.9438
0.9439
0.9432
0.9435
0.9441
0.9439
0.9435
0.9431
0.9436
0.9438
0.9437
0.9442
0.9435
0.9436
0.9438
0.9436
0.9438
0.9441
0.9446
0.9442
0.9442
0.9447
0.9444
0.944
0.9445
0.9444
0.9445
0.9435
0.9437
0.9444
0.9441
0.9436
0.9434
0.943
0.9442
0.9445
0.944
0.9434
0.9433
0.9433
0.9435
0.9434
0.9436
0.944
0.9439
0.944
0.944
0.9439
0.9448
0.9437
0.9436
0.944
0.9437
0.9444
0.9441
0.9438
0.9438
0.9431
0.9432
0.9431
0.944
0.9437
0.9436
0.9434
0.9441
0.944
0.9441
0.9438
0.9433
0.9434
0.9432
0.9434
0.9432
0.944
0.944
0.9437
0.9438
0.9445
0.9444
0.9441
0.9435
0.9443
0.9443
0.9444
0.9447
0.9446
0.9442
0.944
0.9441
0.9439
0.9436
0.9435
0.9434
0.9435
0.9437
0.9441
0.9438
0.9438
0.9435
0.9432
0.9436
0.9435
0.9435
0.9432
0.9435
0.9434
0.9433
0.9438
0.944
0.9442
0.9441
0.944
0.9444
0.9434
0.9436
0.9444
0.9436
0.9441
0.9434
0.944
0.9434
0.9435
0.9432
0.9435
0.944
0.9441
0.9439
0.9439
0.9441
0.9439
0.9441
0.9437
0.9438
0.9438
0.9439
0.9443
0.944
0.9441
0.944
0.944
0.9437
0.9441
0.9442
0.9437
0.944
0.944
0.9442
0.944
0.9441
0.944
0.9442
0.9436
0.9444
0.9439
0.9436
0.944
0.9437
0.9433
0.9436
0.9436
0.9433
0.9444
0.9439
0.9432
0.9438
0.9433
0.9438
0.9439
0.9438
0.9444
0.944
0.9442
0.9443
0.9439
0.9441
0.9434
0.9442
0.9446
0.944
0.9441
0.9436
0.9439
0.9437
0.9438
0.9436
0.9433
0.9431
0.9433
0.9438
0.9438
0.9438
0.944
0.9438
0.9439
0.944
0.9442
0.9442
0.9443
0.9443
0.9442
0.9442
0.9444
0.9438
0.9443
0.9437
0.9434
0.9437
0.9432
0.9431
0.9439
0.9438
0.9434
0.9434
0.9433
0.9434
0.9439
0.9436
0.9436
0.9431
0.9429
0.9432
0.9428
0.9437
0.9432
0.9442
0.9441
0.9442
0.9438
0.944
0.944
0.9438
0.944
0.9437
0.9434
0.944
0.9437
0.944
0.9439
0.9433
0.9433
0.9439
0.9438
0.9434
0.9442
0.9433
0.9438
0.9432
0.944
0.9437
0.9438
0.944
0.944
0.9441
0.9438
0.9435
0.9437
0.9438
0.9439
0.9434
0.9433
0.9435
0.9437
0.9438
0.9436
0.9434
0.9436
0.9436
0.9436
0.9435
0.9431
0.9436
0.9435
0.9436
0.9438
0.9438
0.9435
0.9433
0.943
0.9433
0.9432
0.943
0.943
0.9434
0.9434
0.943
0.9434
0.9434
0.9437
0.9439
0.9436
0.9437
0.9438
0.9435
0.9436
0.9436
0.9437
0.9436
0.9433
0.9435
0.9436
0.9435
0.9436
0.9436
0.9439
0.9441
0.9439
0.9435
0.9445
0.944
0.9441
0.9441
0.9439
0.9441
0.9441
0.944
0.9442
0.9442
0.9442
0.944
0.9443
0.944
0.9443
0.9441
0.9444
0.9439
0.9444
0.9444
0.944
0.944
0.9437
0.9436
0.9439
0.9442
0.9436
0.9441
0.9435
0.9436
0.9439
0.9436
0.9435
0.9437
0.9436
0.9439
0.9438
0.9438
0.9439
0.9433
0.944
0.944
0.9436
0.9439
0.9439
0.944
0.944
0.944
0.9438
0.944
0.944
0.9439
0.944
0.9438
0.944
0.9439
0.944
0.9441
0.944
0.9441
0.9441
0.9439
0.9443
0.9443
0.9441
0.944
0.9442
0.9442
0.9439
0.9441
0.9445
0.9442
0.9443
0.9444
0.944
0.9443
0.9442
0.944
0.9439
0.9439
0.9441
0.9445
0.9442
0.9443
0.9442
0.9438
0.944
0.944
0.9441
0.9441
0.9439
0.9438
0.9443
0.9444
0.9443
0.944
0.9442
0.9442
0.9442
0.9443
0.9445
0.9442
0.9441
0.944
0.9438
0.9441
0.9439
0.944
0.9441
0.944
0.9438
0.944
0.9439
0.9442
0.9446
0.9445
0.9442
0.944
0.9444
0.9441
0.9443
0.9444
0.9439
0.944
0.9441
0.9442
0.9438
0.9438
0.9441
0.9439
0.9439
0.9439
0.9441
0.9443
0.944
0.9442
0.9439
0.9439
0.9442
0.9442
0.9439
0.9439
0.9438
0.9439
0.9439
0.9439
0.944
0.9438
0.944
0.9437
0.9439
0.9437
0.944
0.9435
0.944
0.9437
0.9437
0.9437
0.9438
0.9439
0.9436
0.9437
0.9437
0.9436
0.9436
0.9438
0.9438
0.944
0.9439
0.9443
0.9442
0.9443
0.9443
0.9441
0.9443
0.9444
0.9441
0.944
0.944
0.9439
0.944
0.9439
0.9442
0.9442
0.9443
0.9444
0.9441
0.9443
0.944
0.9438
0.9437
0.9443
0.9438
0.9437
0.944
0.9439
0.9438
0.9437
0.9435
0.9439
0.9441
0.9438
0.9438
0.9441
0.9441
0.9438
0.9438
0.9439
0.944
0.944
0.944
0.9442
0.9441
0.9439
0.9442
0.9439
0.9443
0.9442
0.9442
0.9443
0.9443
0.9439
0.9439
0.9438
0.944
0.9439
0.9441
0.9439
0.9439
0.9438
0.9438
0.9437
0.9438
0.9439
0.944
0.9441
0.9441
0.9442
0.9439
0.944
0.9441
0.9439
0.9441
0.9437
0.9437
0.9439
0.944
0.9438
0.9441
0.9441
0.9442
0.944
0.9441
0.9442
0.9442
0.9444
0.9441
0.9443
0.9441
0.9442
0.9439
0.9442
0.9441
0.9441
0.9442
0.9441
0.9439
0.9442
0.9439
0.944
0.9443
0.9442
0.944
0.9441
0.9441
0.9442
0.9443
0.9444
0.9445
0.9443
0.9443
0.9445
0.9443
0.9444
0.9445
0.9442
0.9444
0.9444
0.9445
0.9446
0.9446
0.9447
0.9447
0.9446
0.9445
0.9445
0.9445
0.9446
0.9445
0.9447
0.9441
0.9442
0.944
0.944
0.9442
0.9442
0.944
0.9442
0.9439
0.9442
0.944
0.9439
0.944
0.9441
0.9442
0.944
0.944
0.944
0.9441
0.944
0.944
0.9441
0.9439
0.944
0.944
0.9442
0.944
0.9441
0.9439
0.944
0.9441
0.944
0.9442
0.944
0.9441
0.9441
0.9442
0.9443
0.9444
0.9442
0.9441
0.944
0.9441
0.9439
0.9441
0.944
0.944
0.9441
0.9445
0.9443
0.9442
0.9441
0.9441
0.9442
0.9442
0.944
0.9441
0.944
0.9441
0.9441
0.9441
0.9441
0.944
0.944
0.944
0.944
0.9442
0.9441
0.9441
0.9439
0.9439
0.9439
0.944
0.944
0.944
0.9441
0.9441
0.9443
0.944
0.9441
0.944
0.9439
0.944
0.9441
0.9442
0.9442
0.9442
0.9441
0.9441
0.9441
0.944
0.9439
0.944
0.944
0.944
0.9439
0.944
0.9442
0.9441
0.944
0.9439
0.9439
0.944
0.944
0.944
0.944
0.9439
0.9438
0.9439
0.944
0.9439
0.9441
0.944
0.9439
0.9441
0.9439
0.944
0.9439
0.944
0.9438
0.9439
0.9439
0.944
0.944
0.944
0.9441
0.944
0.9439
0.9439
0.9438
0.9438
0.9438
0.9438
0.9439
0.9438
0.9438
0.9438
0.9438
0.9438
0.9438
0.9438
0.9439
0.9438
0.9438
0.9438
0.9439
0.9439
0.9439
0.9439
0.9439
0.9438
0.9439
0.9438
0.9438
0.9438
0.9438
0.9438
0.9439
0.9439
0.9438
0.9439
0.9439
0.9438
