
Parameter List:
[Parameter containing:
tensor([[-0.0204, -0.0063,  0.0138,  ..., -0.0162,  0.0237, -0.0222],
        [ 0.0128, -0.0177, -0.0107,  ...,  0.0035,  0.0126, -0.0316],
        [ 0.0335, -0.0326, -0.0190,  ..., -0.0058, -0.0355,  0.0192],
        ...,
        [ 0.0094,  0.0351, -0.0020,  ...,  0.0088,  0.0055, -0.0104],
        [-0.0237,  0.0005,  0.0164,  ...,  0.0344, -0.0155, -0.0356],
        [ 0.0225, -0.0188, -0.0188,  ...,  0.0106,  0.0331, -0.0109]],
       device='cuda:2', requires_grad=True), Parameter containing:
tensor([ 0.0732, -0.0805,  0.0724,  0.1503, -0.1096, -0.0076, -0.0078,  0.0031,
        -0.0773,  0.0338,  0.0709, -0.0113, -0.0438, -0.0007, -0.1317,  0.0801,
         0.1053,  0.0073,  0.0248,  0.0247,  0.1493,  0.1229,  0.0155, -0.0719,
        -0.0116,  0.0116, -0.1993,  0.0573, -0.0718,  0.0008,  0.0016,  0.0149,
         0.0538, -0.0249,  0.0179, -0.0241,  0.0251,  0.0402,  0.0153, -0.0432,
         0.0638, -0.1504,  0.0143,  0.0673,  0.0653, -0.1483,  0.1655,  0.0853,
        -0.1344, -0.1080, -0.0176, -0.0066,  0.0547, -0.0369, -0.0316,  0.1288,
         0.0331, -0.0095,  0.0973,  0.1265, -0.2056, -0.0374, -0.0869,  0.0217,
         0.0209,  0.0579,  0.0510, -0.0225,  0.1061,  0.0766, -0.1037,  0.1421,
        -0.0227,  0.0100,  0.0798,  0.0680,  0.0169,  0.0802,  0.0723, -0.1249,
         0.0294, -0.1079,  0.0511, -0.1134,  0.0688,  0.0903,  0.0681, -0.0140,
         0.0642, -0.0304, -0.0047, -0.0067,  0.0645,  0.0488, -0.0397,  0.1067,
         0.0200, -0.0537,  0.1020, -0.1780,  0.0785, -0.0442,  0.1966, -0.0096,
        -0.1104, -0.0327,  0.0561,  0.0443,  0.0452, -0.2114, -0.0534, -0.0472,
        -0.0773,  0.0244,  0.0666,  0.0355,  0.1492, -0.0033,  0.0516, -0.0271,
         0.0029,  0.0231, -0.1157, -0.0717,  0.0675,  0.0785,  0.1245,  0.1066,
        -0.0328,  0.0269,  0.0680, -0.0168,  0.0362, -0.1032, -0.0668,  0.0131,
         0.0048, -0.1856, -0.0468,  0.0718,  0.0475,  0.0974,  0.0890,  0.0256,
        -0.0915,  0.0744, -0.0629,  0.1319, -0.0035,  0.0118,  0.0848,  0.0565,
         0.1109,  0.0477, -0.0366, -0.1338,  0.1606, -0.0017,  0.1964,  0.0119,
         0.0003,  0.0487, -0.0429,  0.1868,  0.0278, -0.0677, -0.1862,  0.0266,
        -0.0442, -0.0799,  0.0730, -0.0462, -0.0192, -0.0135,  0.0651,  0.1254,
         0.0994,  0.0531,  0.2125,  0.0239,  0.1033,  0.1564,  0.0237, -0.1554,
         0.0220,  0.0679,  0.1132, -0.0307,  0.0822,  0.1127,  0.0494,  0.1989,
        -0.0692, -0.0234,  0.0736, -0.0309,  0.0302,  0.0385,  0.0438,  0.0872,
         0.0162,  0.1453, -0.0010,  0.0531,  0.1265,  0.1000,  0.0270,  0.1115,
         0.0388, -0.1905,  0.0173, -0.0046,  0.0243,  0.0240,  0.1178,  0.0163,
         0.1060, -0.1667,  0.0825,  0.0211,  0.2013,  0.0155,  0.0149,  0.1517,
         0.0095, -0.1809, -0.0159, -0.0100, -0.0249,  0.0293,  0.0430,  0.0085,
         0.1211,  0.0898, -0.0326,  0.0346,  0.0300,  0.0500,  0.0063,  0.0549,
         0.0659, -0.0131,  0.0076,  0.0156,  0.0004,  0.0633, -0.0686, -0.0188,
        -0.0246,  0.0334,  0.0400,  0.0083,  0.0069,  0.0945,  0.1252,  0.1596,
         0.1373,  0.0888, -0.0372, -0.0239, -0.0600,  0.0450,  0.0531,  0.0722,
        -0.0293,  0.0904,  0.0408, -0.0364,  0.0966,  0.0131,  0.0250,  0.1427,
        -0.0315,  0.0104,  0.0562, -0.0382, -0.0285,  0.0817,  0.0510,  0.0326,
         0.0407,  0.0234,  0.1277, -0.0022,  0.1104,  0.0782,  0.1967,  0.0775,
         0.0811, -0.0323, -0.1242,  0.1172, -0.0362,  0.0573,  0.2006, -0.0940,
         0.0514,  0.0448, -0.1031,  0.0978, -0.1338,  0.1064, -0.0380, -0.0146,
         0.0045,  0.0694, -0.1797,  0.0083,  0.0112, -0.0386,  0.0590, -0.0380,
         0.0193, -0.0271, -0.1325,  0.0748, -0.0068,  0.0662,  0.1390,  0.0559,
         0.0907, -0.0744,  0.0590,  0.1145,  0.0294,  0.0432,  0.1522,  0.0582,
        -0.0276,  0.0104,  0.0273,  0.0482,  0.1527,  0.0006, -0.0725, -0.0644,
        -0.1721, -0.0629, -0.0426,  0.0420,  0.0045,  0.0024,  0.0411,  0.0562,
         0.0434,  0.0571,  0.0054,  0.1159,  0.1103, -0.0306, -0.0072, -0.1230,
         0.0470,  0.0922,  0.0942,  0.0181,  0.0071, -0.1451, -0.0342, -0.0186,
        -0.0542,  0.0819, -0.0009,  0.0522,  0.0426,  0.0372, -0.0430, -0.0406,
        -0.0880,  0.0482,  0.1040,  0.2279,  0.0190,  0.0297,  0.0799, -0.0125,
         0.0002,  0.1471,  0.0087, -0.0567,  0.0404, -0.1036,  0.0998,  0.0784,
         0.0712, -0.0498,  0.0467,  0.1218, -0.1141, -0.0110,  0.0822,  0.0121,
         0.0166,  0.0311,  0.0391,  0.0670, -0.0527,  0.2121,  0.1197,  0.1798,
        -0.0621,  0.0638,  0.0248,  0.0310,  0.0033, -0.0343, -0.0725,  0.0480,
         0.0142,  0.0307, -0.1647, -0.1715, -0.0777,  0.0102,  0.1446, -0.0291,
        -0.0674,  0.0962,  0.0803,  0.0381,  0.0999, -0.0505,  0.1126,  0.1128,
         0.1979,  0.1692,  0.0536,  0.0403,  0.0037,  0.1135,  0.0574, -0.0388,
         0.1283, -0.1605, -0.0616,  0.0120,  0.0420,  0.0986, -0.1188,  0.0869,
         0.0116,  0.1202, -0.0050,  0.0038, -0.0400,  0.0292,  0.0197,  0.1346,
         0.0226,  0.0478,  0.1373, -0.0359,  0.0652,  0.0864,  0.1097,  0.0533,
        -0.0128, -0.0225, -0.0396,  0.1488,  0.0359,  0.0492,  0.2124, -0.0070,
        -0.0240, -0.1839, -0.0485, -0.0083,  0.0561,  0.0423, -0.0416,  0.1839,
         0.0338,  0.0371, -0.1863, -0.0194,  0.0722, -0.0179, -0.0121,  0.0542,
         0.0861,  0.0495,  0.1674, -0.0667,  0.0616, -0.0276, -0.0398,  0.0953,
        -0.0149,  0.0576, -0.0098, -0.0113, -0.0444, -0.0395, -0.2031, -0.1013,
         0.0092,  0.1126,  0.0566,  0.0726], device='cuda:2',
       requires_grad=True), Parameter containing:
tensor([[-0.0333, -0.0403, -0.0618,  ..., -0.0650,  0.0585,  0.0378],
        [-0.0393,  0.0523,  0.0312,  ...,  0.0470,  0.0050, -0.0382],
        [ 0.0517, -0.0066,  0.0337,  ..., -0.0424, -0.0166,  0.0317],
        ...,
        [-0.0011,  0.0475, -0.0438,  ...,  0.0289,  0.0354,  0.0176],
        [-0.0177,  0.0589,  0.0169,  ...,  0.0439, -0.0403,  0.0039],
        [ 0.0418,  0.0506,  0.0540,  ...,  0.0021, -0.0094, -0.0189]],
       device='cuda:2', requires_grad=True), Parameter containing:
tensor([-6.7901e-02, -4.3990e-02, -3.2491e-02,  1.8423e-01, -3.1879e-02,
         5.4465e-02, -9.3358e-03,  1.9721e-02,  2.0007e-03,  1.0399e-01,
         1.5671e-01,  4.4836e-04,  3.4248e-02,  1.6384e-01,  1.0173e-02,
         1.3125e-01, -1.0260e-01,  4.8237e-02, -8.9165e-02,  2.0308e-01,
         2.7246e-01,  6.1478e-02,  4.3651e-02, -8.4958e-02,  1.2222e-01,
         5.6019e-02,  6.5833e-02,  2.0641e-02, -9.0695e-02,  7.5203e-02,
        -4.0251e-02,  7.2118e-02,  1.0252e-03,  7.9252e-02,  1.3944e-01,
         6.8538e-02, -1.7159e-02,  5.5634e-02, -1.0149e-02,  6.0539e-02,
        -6.6577e-02,  6.6565e-02, -2.2514e-02,  5.7108e-02, -3.4026e-02,
         1.4027e-02,  1.8858e-01,  1.8852e-01,  1.3369e-01,  9.8337e-02,
        -1.5509e-01,  6.5464e-02,  3.7161e-02,  9.7693e-02, -3.6329e-02,
        -5.1957e-02, -6.6578e-02, -4.7266e-02,  2.9577e-02,  6.1878e-02,
        -2.1539e-02, -3.2462e-02,  3.6404e-02, -1.1436e-02,  5.1913e-02,
         6.7252e-04, -2.1438e-03,  3.3169e-02,  7.5449e-02,  9.9217e-02,
         1.3643e-01,  4.3297e-02, -5.7231e-02,  9.9995e-02,  1.2289e-01,
         2.3044e-02, -2.4931e-03,  2.8317e-02,  2.8683e-03,  5.6952e-03,
         2.7214e-01,  7.8372e-02,  9.0808e-02, -2.2761e-02,  6.6630e-02,
         1.3860e-03,  6.8366e-02, -4.0375e-02, -1.6361e-03,  2.7417e-02,
         1.9118e-02, -4.7518e-02,  1.1390e-02,  1.7191e-01,  3.1405e-02,
        -1.5607e-01, -9.2994e-02,  3.6837e-02,  2.2859e-02, -3.4627e-02,
         6.5382e-02, -6.5302e-02,  2.0164e-01,  2.7499e-02,  8.3442e-02,
         2.4686e-02,  2.8918e-02,  5.3621e-02,  8.6858e-03, -1.5563e-02,
         1.4020e-02, -1.0937e-02,  8.5835e-02,  6.7868e-02, -6.4395e-02,
         2.5180e-02,  2.1466e-02, -7.1361e-02,  6.7682e-02,  8.0317e-02,
         6.6172e-02, -2.7853e-02, -2.2301e-02,  4.6363e-02,  4.8309e-02,
        -1.6832e-02, -3.4458e-03,  7.4400e-02, -3.4740e-03,  8.1112e-02,
        -2.4552e-02,  1.4318e-01, -4.0939e-02,  4.6360e-02,  6.5687e-02,
         8.2598e-02,  2.6821e-02, -1.5205e-01,  1.6282e-02, -1.7228e-02,
        -7.8051e-02,  8.6118e-02,  3.9975e-02,  5.6178e-02,  5.8502e-02,
         3.3443e-02,  8.2926e-02,  1.7073e-01, -1.2257e-01, -1.0960e-01,
        -5.9005e-02,  5.9090e-02,  7.0992e-02,  5.5563e-02,  4.0835e-02,
         9.7752e-02, -7.9983e-02,  1.7413e-02,  1.8658e-01, -5.9986e-02,
         2.6155e-02,  2.4088e-02,  1.9195e-01, -4.2836e-03,  1.9914e-01,
         4.1558e-02,  1.7273e-01,  5.2804e-02, -3.7597e-03,  7.1679e-02,
         5.2626e-02,  5.6569e-02, -6.5438e-02,  8.9493e-02,  9.8088e-02,
         1.2641e-01,  2.1818e-02,  1.0514e-01, -6.7050e-02,  1.0069e-01,
        -9.2924e-02,  2.2329e-01,  1.3124e-01,  7.1079e-02, -8.3713e-02,
         4.2565e-02,  2.2902e-02,  1.4304e-02, -1.2105e-01,  1.0059e-01,
        -1.5662e-01,  2.5465e-02,  5.3237e-02, -2.0302e-02, -1.1153e-04,
        -6.3272e-02, -1.0156e-01,  9.0765e-02,  2.6349e-01, -1.0361e-01,
        -1.3047e-01, -7.7721e-02, -3.4434e-02, -1.0479e-01, -3.4609e-02,
        -1.3502e-01, -3.4893e-02,  3.7116e-03,  2.9029e-02,  5.0925e-02,
        -2.6734e-02,  1.3716e-01,  2.6563e-03,  1.7313e-02, -7.8953e-03,
         1.3976e-01,  9.9312e-02, -1.4896e-01,  8.5721e-02,  2.0578e-02,
         5.5858e-03,  1.1861e-01, -1.8183e-02,  7.2241e-02, -9.9323e-03,
        -2.1270e-01,  2.9393e-02,  3.3803e-02, -3.4649e-02,  1.4302e-01,
        -4.1471e-02,  1.5372e-02, -4.7459e-02,  2.0502e-01,  5.3194e-02,
         8.5777e-02,  1.1177e-01,  5.1947e-02, -2.8301e-02,  1.3058e-01,
         9.0858e-03, -3.8046e-02, -3.2522e-02, -4.0020e-02, -1.4177e-02,
        -1.1115e-01, -4.0027e-02,  5.8170e-02, -8.8076e-02, -1.0205e-02,
        -7.4298e-05, -8.9706e-03,  1.9267e-02, -1.4133e-02, -8.7476e-02,
         1.2945e-02,  5.7909e-03, -1.0083e-02,  4.9367e-02, -5.0917e-02,
         3.0913e-03, -9.7358e-02,  8.3182e-02, -1.3999e-01, -4.8261e-02,
        -2.1202e-02,  1.0023e-01, -6.9712e-02,  5.4531e-02,  6.9300e-03,
         1.8567e-01, -9.2321e-03, -5.9039e-03, -2.9891e-03, -7.4551e-02,
         3.6934e-02,  4.0113e-02, -2.7990e-02,  4.1919e-02,  3.5221e-02,
        -4.4960e-02,  6.1973e-02,  9.9312e-02,  1.2233e-01,  1.9792e-01,
         1.2314e-01, -6.1370e-02, -1.1097e-01,  1.4456e-02,  7.1411e-02,
         1.6297e-01, -1.7227e-02, -5.1419e-02, -2.2265e-02, -1.5225e-03,
        -5.7073e-02,  1.1974e-01, -2.6669e-03, -2.0881e-03,  3.2461e-02,
         4.7616e-02, -1.5030e-02,  8.2881e-03, -9.0792e-02,  1.8600e-01,
         1.3648e-01,  3.8928e-02, -2.6709e-02, -2.0386e-01,  7.2937e-02,
         7.2127e-02,  1.7799e-01,  1.5617e-01,  2.3439e-02, -5.1386e-02,
         1.7743e-01, -1.5468e-01, -4.3195e-02,  1.5203e-02,  2.8553e-02,
        -1.1665e-02,  2.3426e-02, -2.3743e-02,  7.7617e-02,  1.1089e-01,
        -4.0542e-02,  9.9513e-02,  8.3496e-02,  4.1604e-02,  1.9361e-02,
         4.1062e-02,  2.0105e-02, -9.2130e-02,  1.2787e-01, -2.0245e-02,
        -9.9598e-02,  6.8610e-02,  1.3536e-01,  4.5643e-02, -5.8728e-02,
        -3.5964e-02, -9.1080e-02, -5.4221e-02,  7.2023e-02, -3.8206e-02,
        -9.1646e-02,  1.2011e-02,  4.8949e-02,  1.0099e-01,  9.0511e-03,
        -2.0136e-01, -1.9150e-02, -4.7794e-02, -2.5677e-02,  1.7307e-01,
        -7.4721e-02,  8.8260e-02,  5.3493e-02, -6.4431e-02,  1.8341e-01,
        -9.4123e-02, -3.7404e-02,  1.8162e-01, -2.9181e-02, -8.8235e-02,
        -6.7202e-02,  1.9965e-01, -9.2600e-02,  2.4321e-01,  7.3431e-02,
        -1.0751e-01, -6.6027e-02,  3.3220e-02,  5.4936e-02,  1.9972e-01,
         2.6244e-01, -4.2352e-02,  1.5690e-01,  1.0495e-01, -1.6441e-01,
         8.5183e-02,  1.3279e-01, -5.2726e-02, -7.7897e-03,  1.6303e-01,
        -9.0863e-03, -1.0996e-01,  4.2742e-02,  4.3786e-02,  7.2023e-02,
        -6.9902e-02,  1.0957e-01,  7.1386e-02, -2.5604e-02,  4.1847e-02,
        -2.7049e-02,  2.3003e-01,  5.6080e-02,  8.1645e-03,  5.9498e-02,
        -6.2088e-02, -8.2244e-02,  2.0394e-03, -1.0057e-01, -1.7574e-02,
         8.0617e-02, -4.4222e-02,  1.0402e-01,  4.4760e-02,  3.4816e-02,
         1.8133e-01,  6.5682e-02, -7.1354e-03, -1.3663e-01,  1.5279e-01,
         7.5219e-02,  2.0892e-02, -1.1867e-01, -3.0129e-02,  7.7527e-02,
        -2.9519e-02,  3.8085e-02, -1.4153e-02,  1.2695e-01, -1.2448e-01,
         3.4970e-02, -5.1609e-02,  2.1247e-01,  2.7572e-02, -2.2882e-02,
        -3.0898e-02,  3.8786e-02,  1.5156e-01,  6.4774e-02, -3.1610e-02,
         5.7894e-02,  6.4655e-02,  3.1545e-02, -2.2413e-02, -5.4657e-02,
         7.7390e-02,  2.5361e-02, -1.2904e-01, -2.9176e-02, -3.1891e-02,
         2.0666e-02, -9.9217e-02,  9.8489e-02, -3.1275e-02,  2.1509e-02,
         1.5821e-01, -3.9658e-02, -1.5291e-02,  1.7657e-02, -4.0178e-02,
        -2.8600e-02,  7.2037e-02, -7.1304e-02,  1.7114e-02,  1.1848e-01,
         4.1467e-02, -4.1077e-02,  4.6103e-02,  9.6098e-03,  1.1204e-01,
         6.4794e-02, -2.5007e-02,  2.1849e-01,  8.6166e-02,  1.8993e-02,
         4.7938e-02,  9.5989e-02,  8.8985e-03,  4.1465e-02,  1.2719e-02,
         4.6747e-03,  5.2343e-03,  1.2338e-01,  8.8497e-02,  3.6270e-02,
        -5.9378e-02, -4.1788e-02,  5.1700e-02, -1.2769e-01,  6.6984e-02,
        -8.4235e-02,  3.7848e-02, -7.5908e-03, -3.3651e-02, -7.4031e-03,
         8.2806e-03, -2.9452e-02, -1.1011e-01, -7.2336e-02,  2.1879e-01,
         9.1731e-02, -1.2641e-01, -6.1633e-02,  1.0659e-01, -3.6919e-02],
       device='cuda:2', requires_grad=True), Parameter containing:
tensor([[ 0.0048, -0.0162, -0.0269,  ..., -0.0487,  0.0095, -0.0476],
        [-0.0916,  0.0054,  0.0221,  ...,  0.0058,  0.0163,  0.0332],
        [-0.0209, -0.0105, -0.0481,  ..., -0.0015,  0.0297, -0.0288],
        ...,
        [-0.0499,  0.0056, -0.0283,  ...,  0.0092,  0.0314,  0.0186],
        [-0.0118, -0.0045, -0.0008,  ...,  0.0132,  0.0385, -0.0408],
        [ 0.0106,  0.0016, -0.0569,  ..., -0.1001,  0.0452,  0.0464]],
       device='cuda:2', requires_grad=True), Parameter containing:
tensor([-0.0477,  0.0386,  0.0548,  ...,  0.0394,  0.1784, -0.0240],
       device='cuda:2', requires_grad=True), Parameter containing:
tensor([[-0.0198,  0.0713, -0.0727,  ..., -0.0186, -0.0330,  0.0052],
        [-0.0167, -0.0004,  0.0189,  ...,  0.0619,  0.0051, -0.0467],
        [-0.0217,  0.0464, -0.0131,  ...,  0.0701,  0.0062, -0.0104],
        ...,
        [-0.0135, -0.0247, -0.0235,  ...,  0.0210, -0.0258,  0.0704],
        [ 0.0183, -0.0286,  0.0005,  ..., -0.0157, -0.0047, -0.0012],
        [ 0.0101, -0.0209, -0.0338,  ..., -0.0085,  0.0042,  0.0389]],
       device='cuda:2', requires_grad=True), Parameter containing:
tensor([-0.0575, -0.0171, -0.0034,  0.0265, -0.0080, -0.0097, -0.0250,  0.0004,
         0.0054,  0.0021, -0.0390,  0.0200,  0.0077,  0.0387, -0.0199, -0.0026,
        -0.0004, -0.0242, -0.0098, -0.0053, -0.0644, -0.0002,  0.0264,  0.0124,
        -0.0198, -0.0227, -0.0034, -0.0213,  0.0134,  0.0103, -0.0420,  0.0280,
        -0.0003,  0.0301,  0.0002, -0.0161, -0.0385, -0.0047,  0.0026, -0.0043,
        -0.0179,  0.0083, -0.0056, -0.0010, -0.0010,  0.0115, -0.0131, -0.0115,
        -0.0078, -0.0130, -0.0533, -0.0015,  0.0155,  0.0088,  0.0144, -0.0227,
        -0.0150, -0.0314,  0.0044, -0.0038, -0.0358, -0.0134,  0.0113,  0.0266,
         0.0201, -0.0121,  0.0005, -0.0309, -0.0130, -0.0029, -0.0419, -0.0217,
         0.0067,  0.0077, -0.0037, -0.0038, -0.0288, -0.0191, -0.0272, -0.0122,
        -0.0409,  0.0096,  0.0168,  0.0044, -0.0055, -0.0051,  0.0108, -0.0435,
        -0.0092, -0.0120, -0.0431,  0.0135,  0.0312, -0.0121, -0.0157, -0.0076,
        -0.0101, -0.0224, -0.0177,  0.0075], device='cuda:2',
       requires_grad=True), Parameter containing:
tensor([[-0.0169,  0.0263,  0.0304,  ...,  0.0020, -0.0308,  0.0170],
        [ 0.0020,  0.0051,  0.0202,  ..., -0.0038, -0.0240, -0.0154],
        [ 0.0209, -0.0029,  0.0533,  ..., -0.0200, -0.0315,  0.0041],
        ...,
        [-0.0141,  0.0062,  0.0521,  ...,  0.0167, -0.0646,  0.0150],
        [-0.0040,  0.0054, -0.0091,  ..., -0.0406, -0.0554,  0.0246],
        [ 0.0129, -0.0021,  0.0230,  ..., -0.0368, -0.0565,  0.0178]],
       device='cuda:2', requires_grad=True), Parameter containing:
tensor([-0.0761, -0.0735, -0.0566, -0.0616, -0.0671, -0.0657, -0.1033, -0.0892,
        -0.1130, -0.0643, -0.0918, -0.0410, -0.0656, -0.0942, -0.0801, -0.0979,
        -0.1134, -0.0732, -0.1004, -0.0942, -0.0707, -0.0704, -0.0531, -0.0520,
        -0.0708, -0.0918, -0.0961, -0.0510, -0.1305, -0.0686, -0.0654, -0.0584,
        -0.0533, -0.0596, -0.0387, -0.0556, -0.0531, -0.0987, -0.0881, -0.0490,
        -0.0464, -0.0462, -0.0640, -0.0505, -0.0576, -0.0639, -0.1141, -0.0904,
        -0.1071, -0.0557, -0.1028, -0.0536, -0.0960, -0.0572, -0.0823, -0.0972,
        -0.1064, -0.0699, -0.1213, -0.1070, -0.0810, -0.0586, -0.0685, -0.0526,
        -0.0916, -0.0997, -0.0867, -0.0821, -0.1172, -0.0879, -0.0631, -0.0515,
        -0.0740, -0.0600, -0.0665, -0.0893, -0.1049, -0.0516, -0.1040, -0.0845,
        -0.0624, -0.0758, -0.0813, -0.0454, -0.0707, -0.0942, -0.1239, -0.0681,
        -0.1211, -0.0836, -0.1023, -0.0708, -0.0770, -0.0672, -0.0751, -0.0822,
        -0.1345, -0.0651, -0.1336, -0.0934], device='cuda:2',
       requires_grad=True), Parameter containing:
tensor([[-0.0930,  0.1847,  0.5307,  ..., -0.0429, -0.1909, -0.3961],
        [-0.3924, -0.3304,  0.0121,  ..., -0.3209,  0.1638,  0.3278],
        [ 0.1851,  0.1417,  0.0241,  ..., -0.2751,  0.2827, -0.2463],
        ...,
        [-0.0821, -0.1651, -0.0350,  ..., -0.0089, -0.2754,  0.5536],
        [ 0.2242,  0.2672, -0.1115,  ...,  0.1362, -0.2924, -0.3559],
        [ 0.0847,  0.2701,  0.1005,  ...,  0.0556,  0.0675, -0.2831]],
       device='cuda:2', requires_grad=True), Parameter containing:
tensor([-0.1325, -0.4463, -0.4991,  ..., -0.0450,  0.1283,  0.5059],
       device='cuda:2', requires_grad=True), Parameter containing:
tensor([[-0.0338,  0.0832, -0.0081,  ...,  0.0035,  0.0231,  0.0350],
        [-0.0228, -0.0019,  0.0172,  ..., -0.0632,  0.0514, -0.0104],
        [ 0.0889, -0.0292, -0.0338,  ...,  0.0181, -0.0030,  0.0397],
        ...,
        [ 0.0143,  0.0021, -0.0208,  ...,  0.0575,  0.0412,  0.0277],
        [ 0.0406, -0.0171, -0.0310,  ..., -0.0117,  0.0180,  0.0550],
        [ 0.0906, -0.0468,  0.0179,  ...,  0.0030, -0.0286,  0.0066]],
       device='cuda:2', requires_grad=True), Parameter containing:
tensor([ 7.4109e-02, -1.7270e-02,  5.7580e-02,  9.0966e-03,  5.6196e-02,
         2.7068e-02,  2.7341e-02,  7.1728e-02, -4.5369e-03,  7.1868e-02,
         6.5132e-02,  6.2297e-02,  5.4692e-02,  1.8415e-02,  4.1490e-02,
         9.3015e-02, -5.1553e-02,  4.9252e-02,  9.5212e-02, -6.8339e-03,
        -7.0184e-03,  6.6241e-02, -4.9852e-02,  6.6427e-02, -3.6441e-02,
         9.9266e-02,  6.4648e-02,  1.6035e-03, -2.3396e-02,  1.8439e-02,
         7.5338e-02,  4.3660e-02,  5.5029e-02,  3.3394e-02, -2.9896e-02,
        -3.5616e-02,  9.8844e-02,  4.0812e-02, -6.4615e-03,  7.6908e-02,
         9.2587e-02,  9.0260e-02, -1.7950e-02,  3.2667e-02,  7.1543e-02,
        -1.5470e-02, -8.5023e-02,  2.3767e-02,  4.2608e-02,  4.0482e-02,
         6.4902e-02,  3.0469e-02,  2.0209e-02,  4.1725e-04,  1.7815e-02,
        -7.5460e-02, -1.3557e-02,  1.2771e-01,  1.0055e-02,  3.9247e-03,
         1.3752e-01,  5.4282e-02,  6.0179e-03,  3.6785e-02,  1.6167e-02,
        -6.5990e-02,  4.8200e-02,  3.2945e-02,  8.0320e-02,  1.0506e-01,
         2.9325e-03, -2.3309e-02, -5.1609e-02, -8.2214e-02,  5.7617e-02,
         3.5670e-02, -6.1040e-04,  7.7972e-02,  5.2288e-02,  4.0294e-02,
         1.4233e-03,  1.2641e-02, -1.3629e-02,  9.4565e-02,  3.9437e-02,
        -2.7420e-02,  1.3761e-03, -2.2516e-02,  3.4435e-02, -2.5896e-02,
         4.0144e-02,  6.5569e-02,  4.7827e-03, -6.2697e-02,  1.8368e-02,
         1.0193e-02, -1.1718e-01,  5.2153e-02,  7.2401e-02, -1.8814e-02,
         5.9335e-02,  4.5397e-02, -7.8962e-03, -3.3854e-02, -4.1955e-03,
        -1.9853e-02,  2.6305e-02,  5.8825e-03, -4.7984e-03, -7.6337e-02,
         3.0099e-02,  3.7135e-02, -1.5694e-01,  8.5084e-02,  2.1059e-02,
        -3.3391e-02,  8.6375e-02,  1.0274e-01,  1.0686e-01,  5.9054e-03,
         3.9410e-03,  1.0224e-01, -1.3349e-02,  9.4000e-02,  1.1099e-01,
         9.0927e-02,  7.6916e-02,  1.7713e-02, -2.9965e-02,  8.7538e-03,
        -2.1841e-02,  7.3740e-02,  1.4249e-01, -3.7468e-03,  1.7985e-02,
         1.4918e-02,  2.6568e-02, -1.8837e-02, -4.5493e-02,  1.0741e-02,
        -1.2815e-02, -7.7516e-02, -1.4964e-03, -1.6531e-02,  4.3024e-02,
         1.2767e-02,  7.4052e-03, -4.2270e-02, -1.8984e-03, -4.5853e-03,
        -3.9716e-03,  5.7594e-02,  1.2762e-02,  4.0399e-02,  8.5402e-02,
         9.1314e-02, -1.1840e-02,  9.1558e-02,  6.1222e-02, -1.5386e-02,
         8.5501e-02,  3.8900e-02,  1.8133e-03, -1.0186e-02, -3.4845e-02,
         8.9746e-02, -3.7822e-03,  3.7887e-03, -3.1922e-02,  8.1620e-02,
        -2.0645e-02,  3.8532e-02,  7.4353e-02,  9.8776e-02, -1.7437e-02,
        -2.2155e-02,  3.3796e-02, -1.1277e-02, -9.4959e-03,  3.8285e-02,
         3.1729e-03,  5.6327e-02,  5.0837e-02,  1.2988e-02, -4.4292e-02,
         1.5812e-02,  1.6241e-02, -2.4782e-02,  1.7272e-02,  1.6152e-02,
         1.1667e-01,  2.2065e-04,  5.3685e-02, -8.1225e-03,  1.8584e-02,
         5.1140e-02, -1.1829e-02, -1.8735e-02, -2.2929e-02, -4.3748e-02,
        -5.4992e-05,  5.5775e-03,  5.3370e-02,  6.8327e-02,  6.8992e-02,
         3.6480e-02,  1.0841e-01,  1.2575e-04,  5.7957e-03,  3.2281e-02,
         7.1876e-02, -3.7032e-03,  5.6824e-03, -2.3423e-02, -1.4397e-02,
        -7.2781e-02,  5.4254e-02,  1.7744e-02,  3.4016e-03,  6.8038e-02,
        -1.8336e-02, -4.9945e-02,  6.3753e-03, -1.1976e-01, -3.3547e-02,
        -1.8280e-02,  8.8758e-02,  7.6237e-02, -8.1871e-03, -4.1588e-02,
        -2.5212e-03,  8.0149e-02, -1.3758e-02,  4.4008e-02,  1.9519e-02,
         7.6378e-04,  1.4201e-02, -6.0951e-02,  3.3500e-02, -6.0063e-02,
         1.4213e-02, -2.5393e-03, -1.6603e-02,  3.1029e-02, -8.4962e-02,
        -1.2483e-01,  1.0014e-01,  1.6310e-02, -1.6184e-02,  3.2909e-02,
         5.2927e-03,  8.0252e-02, -1.6561e-02,  9.2353e-02, -4.8108e-03,
         4.9534e-03,  3.2654e-02,  5.3894e-02, -1.3526e-03,  3.6823e-02,
        -1.2435e-02, -1.8839e-03,  1.0519e-01,  1.8295e-02,  1.1201e-02,
         1.6137e-02, -2.4035e-02, -1.7766e-02,  8.8966e-02, -7.1319e-02,
         4.8569e-02,  1.7725e-02,  1.5108e-02,  4.1084e-02,  2.2829e-02,
        -1.1507e-02, -1.5730e-03,  5.9397e-02,  4.4316e-02,  8.0154e-03,
         1.1491e-01, -6.3610e-02,  1.8642e-02, -1.7554e-03, -4.5276e-02,
        -5.3033e-02, -2.2526e-02,  1.2764e-01,  1.0851e-01,  4.6698e-02,
        -1.9162e-03, -2.1325e-02, -1.6802e-02, -1.5166e-02,  6.3712e-03,
         8.6391e-03,  8.8334e-02,  6.7124e-02,  9.9008e-03,  5.9495e-02,
        -2.0967e-02,  3.4943e-02,  4.7422e-02,  9.3165e-02,  1.1554e-02,
         1.6613e-02,  5.9123e-02, -2.1095e-02, -1.1120e-02,  1.6953e-02,
        -5.9394e-03, -2.2597e-02, -1.1892e-01, -4.1654e-03,  4.9614e-02,
         6.6170e-02,  1.1730e-02,  2.0264e-02,  6.7355e-02,  9.3385e-02,
        -2.3182e-02, -2.3883e-02,  2.9954e-02, -5.4024e-03, -8.1741e-02,
        -7.9648e-03,  4.6331e-02, -6.9012e-03,  5.9802e-02, -1.1347e-02,
         1.1831e-01,  4.7539e-02, -1.9673e-03, -1.7135e-04,  6.1487e-02,
         3.9802e-02,  1.9306e-02, -7.5299e-02,  6.3861e-02,  1.1598e-02,
         8.6270e-02,  2.3951e-02, -2.2110e-02,  6.8178e-04, -5.3818e-03,
        -3.9430e-02,  5.8561e-02, -2.1893e-02,  1.0216e-01,  9.1978e-02,
         4.4287e-03,  1.2178e-01, -2.5721e-03, -7.6101e-03, -2.3640e-03,
        -8.9689e-03, -1.6181e-02,  1.2776e-01, -5.7844e-02,  9.0103e-02,
        -3.9655e-02, -1.2330e-02, -3.6121e-02,  3.2340e-02,  7.4835e-02,
         5.2936e-02,  7.7336e-02,  3.3947e-02, -2.5880e-04,  1.9593e-03,
        -1.1260e-02,  5.2981e-03,  7.8629e-02, -4.7994e-02,  7.5168e-02,
        -2.0991e-02,  9.2925e-02,  1.0541e-01,  3.9471e-02,  8.3139e-02,
        -2.9015e-02, -2.4826e-03,  2.1124e-02,  3.6147e-02, -6.0462e-03,
         6.6485e-02,  3.1289e-02,  1.4524e-01,  6.9643e-02,  8.7365e-02,
         5.6129e-02,  3.4437e-03,  2.9235e-03, -2.0480e-02, -4.3125e-02,
         7.3465e-02, -8.0849e-03, -1.3836e-02,  1.8907e-04,  2.3655e-02,
        -1.5270e-02,  1.2112e-02,  7.9369e-02,  1.3504e-03,  1.9306e-02,
         3.9940e-04,  1.9112e-02, -1.7068e-02,  9.5557e-02, -1.2964e-02,
        -3.8526e-02, -1.1683e-01,  1.2757e-01, -1.3630e-02,  1.3464e-02,
         7.7860e-02, -3.0728e-02,  3.8845e-02,  2.7336e-03,  2.5706e-02,
         4.4124e-02,  1.7372e-02,  5.3973e-02,  6.4043e-02, -1.5365e-02,
         3.4470e-02, -3.2874e-02,  7.1807e-02,  5.1444e-03, -1.7721e-02,
         1.8934e-02,  8.7150e-02, -1.5953e-01, -4.7677e-02,  5.5294e-02,
         2.9643e-02,  9.3937e-02, -1.0775e-02, -1.8208e-02,  8.1517e-02,
        -2.0569e-02,  8.0654e-02,  3.0515e-03,  7.7303e-02,  9.5321e-02,
         1.8871e-02,  6.2901e-02,  5.1640e-03, -1.5335e-02,  4.8765e-02,
         3.4370e-02,  1.2847e-01,  1.6007e-02,  6.1192e-03, -3.7721e-02,
         4.0001e-02,  4.3386e-03, -1.1183e-03,  8.8180e-04,  8.6223e-02,
         4.8783e-02,  1.3020e-02,  1.2033e-02,  1.8958e-03, -1.3005e-02,
         8.4420e-02, -6.7417e-02, -2.3026e-02,  6.3335e-02,  3.2034e-02,
         3.9507e-02, -3.1735e-02, -2.3027e-03,  9.4056e-02, -7.5247e-02,
         3.2772e-02, -5.5462e-02,  6.8988e-02,  9.6886e-02,  1.9381e-02,
        -5.4474e-02,  5.5999e-02,  3.9507e-02,  2.1633e-02,  2.4492e-02,
         7.7107e-02,  9.3532e-02,  8.6402e-04,  1.9314e-02,  5.4859e-02,
        -3.6222e-03,  3.0531e-02,  9.1626e-02, -3.0531e-02,  8.7830e-04,
        -6.8005e-02, -1.0442e-03, -3.6007e-02,  7.2581e-02,  3.9980e-02],
       device='cuda:2', requires_grad=True), Parameter containing:
tensor([[-0.0222, -0.0262,  0.0471,  ..., -0.0456, -0.0392,  0.0115],
        [ 0.0428, -0.0315,  0.0035,  ...,  0.0026,  0.0458,  0.0418],
        [ 0.0552, -0.0008,  0.0578,  ...,  0.0220, -0.0007, -0.0802],
        ...,
        [ 0.0648,  0.0645, -0.0930,  ..., -0.0437,  0.0038,  0.0135],
        [-0.0090,  0.0113,  0.0652,  ..., -0.0395, -0.0398, -0.0740],
        [-0.0974,  0.1408,  0.0226,  ..., -0.1038, -0.0043,  0.0647]],
       device='cuda:2', requires_grad=True), Parameter containing:
tensor([ 0.0350,  0.0462, -0.0057,  0.0264, -0.0141, -0.0090,  0.0367, -0.0127,
        -0.0021, -0.0189, -0.0069,  0.0116,  0.0043,  0.0454, -0.0073,  0.0226,
        -0.0246, -0.0032, -0.0264, -0.0497, -0.0032, -0.0216,  0.0170, -0.0528,
        -0.0394, -0.0306,  0.0157, -0.0299, -0.0074,  0.0582,  0.0060,  0.0102,
         0.0158, -0.0873, -0.0348,  0.0504,  0.0402, -0.0208,  0.0704,  0.0016,
         0.0691,  0.0131,  0.0102,  0.0079,  0.0034, -0.0125,  0.0195, -0.0187,
         0.0625, -0.0370,  0.0072,  0.0439,  0.0029,  0.0198,  0.0378,  0.0385,
         0.0553,  0.0082,  0.0227, -0.0330,  0.0431,  0.0254,  0.0503, -0.0184,
        -0.0244, -0.0168,  0.0385,  0.0024, -0.0177,  0.0201,  0.0484,  0.0416,
        -0.0418,  0.0126,  0.0138,  0.0466,  0.0200,  0.0528,  0.0151,  0.0204,
         0.0189,  0.0205, -0.0460, -0.0380,  0.0250,  0.0009,  0.0331, -0.0199,
        -0.0112,  0.1057, -0.0381,  0.0774,  0.0229,  0.0054, -0.0067, -0.0140,
         0.0419, -0.0150,  0.0126,  0.0651, -0.0073, -0.0207, -0.0117, -0.0136,
         0.0312, -0.0332,  0.0751,  0.0695, -0.0016,  0.0357, -0.0035, -0.0337,
         0.0028, -0.0194,  0.0097,  0.0674,  0.0115,  0.0284, -0.0295,  0.0165,
        -0.0532, -0.0061, -0.0773,  0.0542,  0.0221,  0.0241, -0.0020,  0.0228,
         0.0679, -0.0451,  0.0149,  0.0119,  0.0050,  0.0403,  0.0332,  0.0248,
         0.0440,  0.0052, -0.0132, -0.0657,  0.0128,  0.0143,  0.0170,  0.0038,
         0.0051, -0.0415, -0.0170,  0.0243, -0.0507, -0.0230,  0.0084,  0.0234,
        -0.0897,  0.0741, -0.0265, -0.0310,  0.0296,  0.0012,  0.0160,  0.0647,
        -0.0071,  0.0484,  0.0199, -0.0371, -0.0812, -0.0015,  0.0208,  0.0088,
         0.0040,  0.0718, -0.0166,  0.0559,  0.0023,  0.0215,  0.0249, -0.0312,
         0.0346, -0.0049,  0.0570, -0.0352,  0.1099,  0.0591, -0.0381, -0.0060,
        -0.0323, -0.0046,  0.0638, -0.0233, -0.0215,  0.0041,  0.0046,  0.0093,
         0.0289,  0.0131, -0.0429, -0.0191,  0.0497,  0.0370,  0.0040,  0.0142,
         0.0198, -0.0514,  0.0279, -0.0042,  0.0206,  0.0006,  0.0301, -0.0182,
        -0.0043,  0.0361, -0.0287,  0.0392,  0.0037, -0.0464, -0.0045,  0.0076,
         0.0258, -0.0454, -0.0242, -0.0037,  0.0948, -0.0089, -0.0463,  0.0439,
        -0.0061,  0.0508, -0.0465, -0.0385, -0.0095,  0.0094,  0.0079, -0.0427,
        -0.0396, -0.0258,  0.0285,  0.0322,  0.0875, -0.0632,  0.0341, -0.0237,
         0.0634,  0.0065,  0.0295, -0.0080,  0.0435,  0.0062, -0.0050, -0.0125,
         0.0120, -0.0058,  0.0229,  0.0210,  0.0031,  0.0674,  0.0548, -0.0323,
         0.0046,  0.0378,  0.0369,  0.0469,  0.0249,  0.0162,  0.0242,  0.0533,
         0.0061,  0.0183,  0.0245,  0.0271,  0.0232,  0.0046,  0.0193,  0.0148,
         0.0177,  0.0065,  0.1205,  0.0440,  0.0141,  0.0153, -0.0046,  0.0260,
         0.0282,  0.0451,  0.0345,  0.0609,  0.0247,  0.0508, -0.0282,  0.0271,
         0.0288, -0.0512,  0.0120,  0.0011,  0.0222, -0.0593,  0.0350,  0.0057,
         0.0004,  0.0137,  0.0512,  0.0158,  0.1047, -0.0057,  0.0308,  0.0228,
         0.0334, -0.0129, -0.0541,  0.0669, -0.0044,  0.0306,  0.0147, -0.0223,
         0.0304,  0.0145,  0.0014, -0.0313,  0.0140, -0.0299, -0.0032,  0.0476,
        -0.0345,  0.0133,  0.0195,  0.0204, -0.0064, -0.0216,  0.0241,  0.0141,
         0.0080,  0.0262, -0.0367, -0.0153, -0.0160, -0.0573,  0.0044,  0.0323,
         0.0064, -0.0430,  0.0147, -0.0306, -0.0131,  0.0015, -0.0278, -0.0047,
        -0.0564, -0.0381, -0.0261,  0.0314,  0.0599, -0.0057,  0.0007, -0.0539,
         0.0159,  0.0142,  0.0007,  0.0100,  0.0289,  0.0229,  0.0470,  0.0010,
         0.0104,  0.0398, -0.0109, -0.0312,  0.0574,  0.0242, -0.0148,  0.0545,
        -0.0150, -0.0339, -0.0605,  0.0025, -0.0238,  0.0110,  0.0050,  0.0220,
         0.0012,  0.0414,  0.0262,  0.0343, -0.0180, -0.0121, -0.0201,  0.0453,
        -0.0869,  0.0312,  0.0118,  0.0267,  0.1198,  0.0046,  0.1590,  0.0197,
        -0.0113,  0.0382, -0.0561,  0.0108,  0.0033, -0.0323, -0.0021,  0.0565,
         0.0235, -0.0163, -0.0023,  0.0506,  0.0042,  0.0175,  0.0184, -0.0436,
         0.0301,  0.0386, -0.0170,  0.0275,  0.0428,  0.0419,  0.0417, -0.0255,
         0.0374, -0.0448, -0.0240, -0.0160, -0.0267, -0.0431,  0.0392,  0.0430,
        -0.0553,  0.0268, -0.0402,  0.0101, -0.0512,  0.0056, -0.0376,  0.0365,
         0.0134, -0.0562, -0.0067,  0.0550,  0.0397,  0.0448,  0.0523, -0.0239,
         0.0157, -0.0260,  0.0271, -0.0169, -0.0157,  0.0602,  0.0671,  0.0528,
        -0.0315,  0.0215,  0.0503,  0.0771,  0.0077,  0.0119, -0.0453,  0.0506,
         0.0367,  0.0027, -0.0170,  0.0045,  0.0350, -0.0418,  0.0489,  0.0041,
         0.0300,  0.0271, -0.0336, -0.0112,  0.0015,  0.0091,  0.0531, -0.0156,
         0.0551,  0.0309,  0.0247, -0.0100,  0.0137,  0.0278,  0.0698, -0.0340,
        -0.0289,  0.0110,  0.0485, -0.0219, -0.0104,  0.0583, -0.0389, -0.0071,
        -0.0413, -0.0194,  0.0286,  0.0342, -0.0164,  0.0098, -0.0451, -0.0027,
         0.0967,  0.0195,  0.0798, -0.0573], device='cuda:2',
       requires_grad=True), Parameter containing:
tensor([[-0.0266,  0.0182, -0.0457,  ..., -0.0401,  0.0073,  0.0254],
        [-0.0238, -0.0471,  0.0144,  ..., -0.0048,  0.0277, -0.0042],
        [-0.0534, -0.0237, -0.0219,  ..., -0.0092,  0.0164, -0.0014],
        ...,
        [-0.0547, -0.0431, -0.0096,  ...,  0.0303, -0.0239,  0.0165],
        [-0.0128, -0.0177, -0.0201,  ..., -0.0050, -0.0128,  0.0319],
        [-0.0118, -0.0531,  0.0022,  ..., -0.0148,  0.0268, -0.0231]],
       device='cuda:2', requires_grad=True), Parameter containing:
tensor([ 3.6025e-03, -4.9294e-02, -3.0032e-02, -9.2179e-04, -2.8688e-02,
        -2.8408e-02, -1.9060e-02,  3.3153e-02,  9.5864e-03, -2.6018e-02,
         3.7388e-02,  1.1190e-02, -3.6897e-02,  5.4217e-02, -1.3879e-02,
        -6.7646e-03,  1.3602e-02,  1.5054e-02, -2.0946e-02,  3.1393e-02,
         4.8430e-03, -1.4808e-02,  1.9871e-02, -3.3655e-04, -2.3829e-02,
        -2.9621e-02, -5.3859e-05,  1.5384e-02,  2.3329e-02,  1.4346e-02,
         3.2522e-02,  6.7673e-05,  1.6910e-02, -3.2968e-02,  1.2384e-02,
        -3.7261e-02,  3.5076e-02,  9.8148e-04,  6.0248e-03, -2.9883e-03,
        -2.4545e-02, -1.3875e-02, -4.7256e-02, -7.5208e-02, -2.2912e-03,
        -4.8643e-02, -2.3582e-02, -6.6010e-03, -6.7787e-03,  3.0014e-02,
        -6.2069e-03,  5.5598e-02,  1.7652e-02, -1.8237e-02,  5.7665e-03,
        -3.8600e-02,  4.2756e-03, -7.5702e-03,  4.2804e-02,  4.2895e-02,
         2.2846e-02, -4.6112e-02, -1.9962e-02, -3.8597e-02, -5.0388e-02,
         6.6286e-03, -1.8395e-02, -5.6491e-02, -2.5718e-03, -1.9604e-02,
         1.0032e-02, -1.0137e-02, -3.7921e-02,  1.9616e-02, -2.5691e-03,
        -1.6105e-02, -3.7074e-02, -1.3314e-02, -5.1474e-02, -2.7723e-02,
         3.6833e-03,  3.7816e-02,  2.4282e-02, -1.9911e-02,  3.3778e-02,
        -3.0980e-02, -1.1121e-02,  4.7324e-02,  2.4651e-02,  2.7410e-02,
         7.4033e-02,  2.1178e-02, -3.6062e-02,  2.0757e-02, -4.4362e-02,
        -8.2490e-03, -5.9660e-02,  6.0422e-05, -1.4021e-02,  2.3824e-02,
         3.0979e-03, -5.5264e-02, -2.8721e-02, -2.7522e-02, -9.7413e-03,
        -3.3570e-02, -4.3804e-02, -3.5669e-02, -4.3905e-02,  2.5001e-02,
        -7.0549e-03,  8.8704e-03,  3.5651e-02,  1.3080e-02, -4.1055e-02,
         7.8707e-03, -3.7485e-02, -1.9471e-02, -2.8861e-02, -6.5545e-03,
        -1.1499e-02, -2.7760e-02,  3.0032e-02, -5.3664e-02,  4.4981e-03,
        -6.9090e-03, -9.2766e-03, -1.7442e-03,  1.0162e-03,  1.6466e-03,
         2.6590e-02, -5.7776e-02, -3.0968e-02, -4.4300e-02, -1.7208e-02,
        -5.6500e-02,  4.1290e-02,  1.0115e-02,  5.7440e-02,  2.4779e-02,
        -4.8125e-02, -9.2624e-03, -3.0210e-03, -6.2765e-02, -4.1484e-02,
        -6.7551e-02, -1.0611e-01, -3.6578e-02, -8.4880e-02,  6.9090e-04,
         3.3949e-02, -4.0866e-02, -2.2757e-05,  1.4828e-02, -1.9369e-02,
         2.7112e-02, -7.0771e-03, -5.5968e-02, -1.5238e-02, -6.8244e-02,
        -3.1415e-02, -4.2451e-02, -8.6349e-02, -2.7329e-02, -5.4648e-03,
         3.4282e-02,  4.1651e-02,  3.7331e-02,  2.2580e-02, -1.4419e-02,
         3.7355e-02, -2.5002e-02, -4.9301e-02, -6.3942e-02, -4.8154e-02,
        -2.1641e-03, -6.0679e-03,  2.4136e-02,  4.1246e-02,  4.3612e-02,
         5.0444e-02, -2.3993e-02,  1.2762e-02,  3.6770e-02,  1.8389e-02,
         5.3076e-04, -4.9704e-02,  2.8991e-02, -3.4258e-02, -3.5112e-02,
        -2.2989e-02, -5.0207e-02,  3.6724e-02,  5.1586e-02,  2.6410e-03,
         5.7351e-02,  1.9761e-02,  5.6509e-02,  3.7691e-02, -7.7863e-02,
        -3.1539e-02, -5.5076e-02, -7.1160e-02,  1.4966e-02,  3.0134e-02,
         2.1460e-02,  2.3695e-02, -6.8262e-03,  2.4750e-02, -7.3366e-03,
         5.5686e-02,  2.4155e-02,  8.6339e-03,  2.6261e-02,  2.9921e-02,
        -1.3451e-02,  3.7763e-02, -1.8766e-02, -3.5349e-02,  5.5598e-03,
         1.0444e-02,  8.5728e-02, -8.5278e-03, -5.9068e-03, -1.3311e-02,
         4.6641e-02, -2.9817e-02, -4.1808e-02, -3.9356e-02, -1.5641e-02,
         3.0474e-02,  6.0156e-02, -1.0610e-02, -1.3024e-02, -4.5169e-02,
        -1.8030e-02,  1.7192e-02, -1.5155e-03,  5.6322e-02, -2.4725e-02,
         1.7105e-02,  4.3911e-02,  9.0393e-03,  5.8697e-02, -6.8438e-03,
         3.3032e-02, -1.9990e-02,  5.2859e-02,  2.4408e-02,  1.5776e-02,
         1.2487e-02,  6.0151e-04,  5.7504e-02,  1.9187e-02,  1.0470e-02,
         2.5774e-02, -2.0914e-02,  1.2648e-02,  1.5110e-02,  4.0375e-02,
        -5.8430e-03,  1.3399e-02,  2.2797e-02, -4.3320e-02, -4.4495e-02,
         1.3794e-02, -5.5166e-02,  2.3545e-02, -1.9511e-02, -2.4847e-02,
         4.2053e-02, -2.8665e-02, -1.5675e-02,  7.2174e-02, -2.3550e-02,
         6.0236e-02,  3.0802e-02, -7.6623e-03,  3.5745e-02, -2.0946e-02,
        -1.3244e-02,  6.6139e-03, -2.8275e-02, -1.8485e-02,  7.1641e-02,
         7.0487e-02,  7.1319e-03,  3.6506e-02, -7.9726e-03, -3.5485e-02,
        -2.6227e-03, -2.1019e-02,  1.0885e-02, -6.1124e-02, -3.1022e-02,
         5.6512e-03,  2.5139e-03, -6.7139e-03, -2.9487e-02, -4.9217e-02,
        -6.3461e-02, -3.0388e-02, -8.3444e-03,  2.1038e-02,  3.7073e-04,
        -1.7007e-02, -1.0569e-02,  2.4634e-02, -9.7416e-03, -3.2679e-02,
        -8.1028e-03, -9.0325e-03,  1.7791e-02,  3.8029e-02, -1.9500e-02,
        -2.1283e-02,  2.3628e-03,  3.5551e-02,  2.6808e-02, -1.5941e-02,
         7.7785e-03, -7.8003e-02,  2.4970e-02,  5.7567e-02,  5.0492e-02,
         4.4515e-02, -5.8532e-02, -2.4411e-02,  7.0199e-03, -1.2855e-02,
         4.1286e-02, -1.4733e-02, -2.6352e-02,  3.4584e-02,  3.9025e-02,
         1.6708e-02, -1.3637e-02, -1.2989e-02,  4.1424e-02,  4.9744e-02,
         1.6382e-02, -1.3176e-02, -4.0205e-02,  2.8622e-03,  3.8962e-02,
         1.2262e-02,  4.5013e-02,  2.3818e-03, -6.1928e-03, -1.5745e-02,
         1.5891e-02, -3.6042e-02,  2.5630e-02, -5.5563e-02, -3.6135e-02,
        -8.3705e-03, -1.6014e-05,  2.2938e-02, -2.2765e-02,  5.3491e-02,
         4.9533e-03,  4.0305e-02,  1.9191e-02,  1.6862e-02,  5.0090e-03,
         3.4114e-02, -4.4991e-02,  2.4235e-03, -2.2327e-02,  1.0938e-02,
        -4.1104e-02, -4.7096e-02,  1.8284e-02,  9.9234e-03,  2.7576e-02,
         6.2764e-02, -5.7859e-03,  4.8154e-02, -8.9850e-03, -1.6541e-02,
        -2.3489e-02,  6.6150e-03, -1.2815e-02, -3.9660e-02, -2.2987e-02,
        -4.6620e-02, -2.5187e-03, -2.2766e-02, -3.9041e-03,  5.0535e-02,
        -2.3374e-02,  4.4391e-02, -2.7679e-02,  1.5372e-02,  2.1131e-02,
         1.9521e-04, -3.6951e-02, -4.1763e-02, -1.6899e-02,  1.4852e-02,
        -2.3181e-03,  3.0670e-02,  2.3640e-02, -1.7552e-02,  5.4261e-02,
         1.1969e-02, -3.2679e-02,  1.3218e-02, -6.8101e-03, -2.3853e-02,
        -1.4211e-03, -1.3859e-02, -5.8240e-02,  2.7173e-03,  1.1153e-02,
         1.1931e-02, -7.0456e-03,  1.2114e-02,  1.7595e-02,  5.7484e-02,
        -1.7916e-02, -1.8316e-02,  1.5985e-02,  2.3463e-02, -3.1264e-02,
        -5.1577e-02, -4.4240e-02, -1.8861e-02,  3.1795e-02, -8.9280e-03,
        -3.8552e-02, -1.6864e-02, -4.6862e-02, -2.0061e-02, -4.9016e-03,
         2.8431e-02, -1.2216e-02, -2.4234e-02, -3.8756e-02, -2.7097e-02,
         1.3115e-04,  3.9096e-02,  3.8848e-02, -1.6521e-02, -2.4479e-02,
         4.9118e-02, -1.6292e-02, -1.0306e-03,  1.2202e-02, -4.4077e-02,
        -1.9545e-02, -2.8504e-02, -1.6009e-02,  1.7547e-03,  3.5789e-02,
        -9.1003e-03, -1.9149e-02, -1.5713e-02,  2.8883e-03,  1.8190e-02,
        -2.0302e-02,  2.6007e-02, -5.1027e-04, -3.2735e-02, -9.8205e-03,
         1.5779e-02, -5.3966e-02, -3.4449e-02,  2.5851e-02,  4.1913e-02,
        -2.9318e-02,  1.2624e-02,  6.7722e-03, -2.5288e-02, -2.1234e-02,
        -1.2537e-02, -3.0281e-02, -1.8603e-02,  1.7557e-02,  5.0633e-02,
        -4.1147e-02,  5.5788e-03,  1.9090e-02, -3.7013e-03,  6.3355e-02,
         3.1598e-02,  6.0246e-02,  4.3568e-02,  8.9901e-03, -1.9108e-02,
         4.0452e-02,  1.9304e-02,  1.9579e-02,  1.0191e-02, -7.4440e-03,
         5.4411e-02,  7.6206e-02,  5.4876e-02,  2.8722e-02, -4.9823e-02,
        -2.8801e-02,  2.7123e-02, -1.9295e-02,  2.1315e-02,  4.2716e-02,
         3.1991e-02,  4.6426e-03,  1.6127e-02,  3.8236e-02,  4.5746e-03,
        -1.5100e-02,  2.6935e-02,  2.0176e-02, -1.5373e-02,  4.6232e-02,
         5.3076e-02, -4.1912e-02,  1.0346e-03, -2.5183e-02, -1.3867e-02,
        -1.4974e-02, -2.5558e-02,  3.7732e-02,  1.7851e-02, -4.2949e-03,
         5.4356e-02,  3.1032e-02, -7.5104e-03, -1.0681e-02, -1.2340e-02,
        -1.7646e-02,  6.6311e-02, -1.7499e-02,  5.6728e-03,  3.6650e-04,
         2.8695e-02,  1.5579e-02,  2.4659e-02, -1.9993e-02, -1.2236e-02,
         3.2018e-02, -1.0502e-02, -1.9463e-02, -1.2006e-02, -3.3549e-03,
        -5.2724e-02,  1.2345e-02, -1.4467e-02, -3.6187e-02,  1.8246e-03,
         2.3356e-02,  3.1572e-02,  3.9163e-02,  3.2836e-03, -2.1440e-02,
        -5.0312e-02,  1.2174e-03, -4.0876e-02, -3.6167e-02,  2.8710e-02,
        -8.6946e-03,  1.8698e-02, -3.4488e-02,  5.8983e-02,  9.5226e-03,
        -1.4498e-02, -1.3695e-02,  4.1751e-02,  4.0552e-02, -2.4928e-02,
        -4.7267e-02, -7.2097e-02, -5.6116e-02, -5.5058e-03, -2.3453e-02,
         3.1230e-03,  1.7668e-02, -1.5546e-02,  1.8478e-03, -2.0829e-02,
         3.8541e-02,  8.2195e-03, -4.2221e-03, -5.1147e-02, -5.5799e-02,
        -3.0362e-02,  4.2423e-03, -2.3774e-02, -5.2791e-03,  1.9266e-02,
        -2.1220e-03, -9.4376e-03, -4.3206e-02, -6.5867e-03,  1.7060e-02,
        -2.3015e-02,  5.1924e-02, -2.3511e-02, -4.1446e-02,  1.1205e-02,
        -3.6293e-02, -2.1096e-02, -1.7871e-02,  4.5346e-02, -6.5024e-03,
         2.1365e-02,  3.9799e-02,  1.1096e-02,  1.6950e-02, -4.1877e-04,
         1.0696e-02, -4.4541e-02,  1.9066e-02,  1.9282e-02, -1.3221e-03,
        -3.5988e-02, -1.6746e-02, -8.2528e-03, -3.6468e-03,  2.6303e-02,
        -1.6332e-02, -4.7189e-03, -7.1636e-02, -4.7515e-02, -1.8924e-02,
         2.2563e-03,  4.4932e-02, -3.8176e-03,  3.2778e-02,  8.3210e-03,
        -1.1994e-02,  1.0736e-02, -3.2491e-02, -2.6706e-02, -1.9484e-02,
        -2.3295e-02,  1.4918e-02,  3.3809e-02, -1.9142e-02, -2.2547e-02,
         1.1988e-04, -5.5414e-03, -1.6617e-02, -1.8882e-03,  2.7593e-02,
         2.9748e-02, -3.0402e-02, -7.3433e-05, -2.6604e-02, -1.6975e-02,
        -8.9837e-02, -1.6501e-02, -3.7913e-02,  2.3987e-02,  3.1914e-02,
        -8.4233e-03,  2.0817e-02, -2.5817e-02,  1.9778e-02, -4.8290e-02,
        -2.7755e-02, -4.5879e-02, -2.0157e-02,  1.6168e-02,  6.6283e-02,
         2.8333e-02,  3.7247e-02,  3.0091e-02, -4.2056e-02, -1.7039e-02,
         3.0333e-02,  6.7396e-04, -1.5312e-02,  2.2471e-02, -2.1201e-02,
        -4.2083e-02, -7.2052e-02, -4.5152e-02, -9.8507e-02, -8.0350e-02,
        -7.9254e-02, -9.2797e-02,  8.7043e-03,  3.2887e-02,  9.0050e-05,
        -6.9203e-03,  1.5270e-02, -1.7761e-02, -8.0926e-03,  2.4982e-02,
         3.8736e-02,  3.3589e-02,  2.9026e-02,  3.7261e-02,  7.6908e-03,
        -2.8531e-04, -3.1383e-02,  5.4894e-02,  6.1925e-03,  2.9211e-02,
         9.3607e-03, -2.8342e-02,  2.6105e-02, -2.2909e-02, -1.7719e-02,
        -4.9630e-02, -4.5286e-02, -4.1854e-03, -4.3705e-02, -1.9414e-02,
        -2.6901e-02,  3.7159e-03, -2.8253e-02,  2.9661e-02,  2.9611e-02,
         1.3404e-02, -7.6159e-03,  1.4969e-03,  6.3862e-04,  3.7052e-02,
         1.9499e-03,  3.5016e-03, -3.2409e-02, -1.4125e-02,  4.3167e-02,
         7.0249e-02, -1.7267e-02, -9.3083e-03,  2.8281e-02,  6.2247e-03,
        -4.5245e-02, -6.8470e-03, -7.8505e-04, -2.3015e-02,  3.3539e-02,
         3.3451e-03, -3.0127e-02,  2.2137e-03, -2.1631e-02,  6.8110e-03,
         3.0793e-02,  4.8533e-02,  5.8034e-02,  1.3768e-02,  2.2520e-02,
         5.0542e-03,  1.6405e-02,  3.6026e-03,  3.4865e-02, -9.0638e-03,
         2.3860e-02, -2.0799e-02,  3.8065e-03,  2.6983e-02, -4.2904e-02,
        -3.1476e-02,  8.3694e-03,  1.5934e-02,  1.0431e-02, -2.9048e-02,
        -2.1237e-02,  2.5663e-02,  9.2192e-03, -1.9723e-02,  3.1073e-02,
        -2.3233e-02,  6.1997e-03, -3.4421e-02, -8.1628e-03,  7.7504e-05,
        -9.1531e-03,  1.1566e-02, -4.0291e-02,  5.9062e-03,  1.6013e-03,
         2.1661e-02, -1.5097e-02,  5.6450e-02,  3.7266e-02, -2.3433e-02,
         9.6912e-03,  3.1430e-02,  1.3461e-02, -1.5919e-02], device='cuda:2',
       requires_grad=True), Parameter containing:
tensor([[ 1.2177e+00, -7.1053e-04, -9.2230e-01, -1.6161e-01, -1.2803e+00,
         -4.9649e-01,  8.1616e-01,  6.4313e-01,  6.3545e-01,  1.8274e-02],
        [ 1.2143e+00, -1.8467e-03, -9.1471e-01, -1.6617e-01, -1.2660e+00,
         -5.0146e-01,  8.0896e-01,  6.5684e-01,  6.3821e-01,  5.5442e-02],
        [ 1.2142e+00, -4.0704e-03, -8.9115e-01, -1.6775e-01, -1.2605e+00,
         -5.1622e-01,  7.9517e-01,  7.0914e-01,  6.4125e-01,  8.2213e-02],
        [ 1.2031e-01, -9.9463e-02, -1.0655e+00,  4.5437e-01,  9.3730e-01,
         -4.8581e-01, -5.1218e+00, -2.7601e-02,  1.6343e+00,  7.0133e-01],
        [ 1.1932e+00,  1.1316e-02, -8.8938e-01, -1.6967e-01, -1.2794e+00,
         -4.6678e-01,  8.0081e-01,  6.7914e-01,  6.8082e-01,  9.6862e-02],
        [ 1.2118e+00, -2.1479e-03, -9.2264e-01, -1.6248e-01, -1.2559e+00,
         -5.1054e-01,  8.0128e-01,  6.6750e-01,  6.3731e-01,  6.8584e-02],
        [ 1.2152e+00, -2.5824e-03, -9.2967e-01, -1.6153e-01, -1.2554e+00,
         -5.0451e-01,  8.0808e-01,  6.4694e-01,  6.3708e-01,  7.5420e-02],
        [ 1.2149e+00, -3.6816e-03, -9.0244e-01, -1.6544e-01, -1.2537e+00,
         -5.1586e-01,  7.9758e-01,  6.8467e-01,  6.3717e-01,  8.1101e-02],
        [ 1.2174e+00, -4.5475e-03, -8.9848e-01, -1.6661e-01, -1.2597e+00,
         -5.1516e-01,  7.9905e-01,  6.8776e-01,  6.3572e-01,  8.7169e-02],
        [ 1.2130e+00, -2.4451e-03, -9.0200e-01, -1.6816e-01, -1.2641e+00,
         -5.0949e-01,  8.0038e-01,  6.8804e-01,  6.3998e-01,  7.4421e-02]],
       device='cuda:2', requires_grad=True), Parameter containing:
tensor([[ 0.9770,  0.7747,  1.8616,  0.8500,  1.9300,  1.2580,  1.4029,  2.0855,
          1.4212,  2.1575],
        [ 0.9778,  0.7742,  1.8677,  0.8465,  1.9254,  1.2579,  1.4026,  2.0876,
          1.4234,  2.1594],
        [ 0.9749,  0.7684,  1.8781,  0.8469,  1.9173,  1.2531,  1.4005,  2.0833,
          1.4245,  2.1601],
        [ 0.5109, -1.5190, -0.2665, -1.9377, -2.3199,  0.0416, -1.5753, -2.9343,
          1.6638, -0.5841],
        [ 0.9966,  0.7799,  1.8686,  0.8459,  1.9167,  1.2900,  1.3838,  2.0778,
          1.4295,  2.1491],
        [ 0.9796,  0.7716,  1.8653,  0.8500,  1.9239,  1.2536,  1.4019,  2.0896,
          1.4233,  2.1635],
        [ 0.9724,  0.7663,  1.8620,  0.8484,  1.9210,  1.2532,  1.4021,  2.0975,
          1.4214,  2.1616],
        [ 0.9724,  0.7703,  1.8743,  0.8462,  1.9180,  1.2532,  1.4029,  2.0903,
          1.4232,  2.1616],
        [ 0.9717,  0.7662,  1.8755,  0.8449,  1.9129,  1.2517,  1.4028,  2.0913,
          1.4231,  2.1614],
        [ 0.9747,  0.7709,  1.8750,  0.8487,  1.9179,  1.2546,  1.4005,  2.0870,
          1.4242,  2.1597]], device='cuda:2', requires_grad=True), Parameter containing:
tensor([0.1057, 0.1127, 0.1102, 0.1381, 0.0906, 0.1128, 0.1087, 0.1113, 0.1116,
        0.1129], device='cuda:2', requires_grad=True)]
