0.3518
0.5239
0.7211
0.6966
0.7178
0.7567
0.7935
0.7872
0.7948
0.7927
0.8491
0.8059
0.8416
0.8598
0.8696
0.8708
0.8676
0.8545
0.8833
0.8554
0.8883
0.8915
0.8986
0.8955
0.9074
0.9109
0.903
0.9211
0.919
0.9168
0.9088
0.9168
0.9178
0.918
0.9198
0.9268
0.9288
0.9321
0.9282
0.9328
0.9305
0.9281
0.9308
0.9286
0.925
0.9222
0.9286
0.93
0.9305
0.9328
0.9327
0.931
0.9314
0.9304
0.9318
0.9336
0.9312
0.9329
0.9254
0.9288
0.9354
0.932
0.9292
0.9329
0.9314
0.9298
0.9301
0.9362
0.9377
0.9313
0.9319
0.9323
0.933
0.9331
0.9337
0.9332
0.9324
0.9367
0.9332
0.9321
0.9303
0.9359
0.9307
0.9329
0.9338
0.9294
0.9311
0.9299
0.9283
0.9329
0.9312
0.9338
0.9276
0.9322
0.9318
0.934
0.932
0.9293
0.927
0.929
0.9323
0.9367
0.931
0.9266
0.9284
0.932
0.9301
0.9349
0.9344
0.9345
0.932
0.9348
0.9282
0.9319
0.9321
0.9336
0.9333
0.9314
0.9386
0.93
0.9315
0.9334
0.9337
0.9351
0.9324
0.9342
0.9355
0.9343
0.9315
0.9336
0.9312
0.933
0.9317
0.9358
0.932
0.9349
0.934
0.9285
0.9348
0.9327
0.9347
0.9364
0.9346
0.9319
0.9325
0.9332
0.9353
0.9359
0.9339
0.9328
0.9353
0.935
0.9348
0.9347
0.9318
0.934
0.9339
0.9324
0.9329
0.9319
0.9336
0.933
0.9324
0.9346
0.9348
0.9333
0.9317
0.9339
0.933
0.9354
0.9335
0.9343
0.9332
0.935
0.9343
0.9342
0.9328
0.9344
0.9338
0.9318
0.9337
0.9329
0.9327
0.9332
0.9344
0.9339
0.9343
0.9348
0.9332
0.9343
0.9348
0.9338
0.9328
0.9331
0.934
0.9366
0.9342
0.9333
0.9327
0.9333
0.9325
0.933
0.9354
0.9336
0.9333
0.9346
0.9344
0.9339
0.9323
0.9343
0.9343
0.9333
0.9362
0.935
0.9343
0.9326
0.9331
0.9349
0.9332
0.9336
0.9337
0.9319
0.9322
0.9338
0.9344
0.9337
0.934
0.9347
0.9338
0.9332
0.9337
0.9337
0.9357
0.9339
0.933
0.9348
0.9354
0.9318
0.9359
0.9339
0.935
0.9333
0.9345
0.9331
0.9352
0.9343
0.9337
0.9346
0.9362
0.9333
0.9342
0.9336
0.9322
0.934
0.9327
0.9358
0.9346
0.9345
0.9329
0.9329
0.9342
0.9365
0.9339
0.9344
0.9343
0.936
0.9328
0.9336
0.9345
0.9345
0.9349
0.9333
0.933
0.9333
0.9332
0.9335
0.9337
0.9351
0.9339
0.9346
0.9324
0.9343
0.9345
0.932
0.9326
0.9325
0.932
0.9334
0.9331
0.933
0.9336
0.9348
0.9342
0.9334
0.9342
0.9344
0.9344
0.9342
0.9352
0.9326
0.9333
0.934
0.9353
0.9327
0.9334
0.9342
0.9342
0.9345
0.934
0.9339
0.9348
0.9325
0.9319
0.9332
0.9352
0.9339
0.9321
0.9334
0.9324
0.9343
0.9329
0.9339
0.9324
0.9338
0.932
0.9344
0.9354
0.9333
0.9308
0.9322
0.9331
0.9319
0.9346
0.936
0.9331
0.9327
0.933
0.9335
0.9343
0.9329
0.9342
0.932
0.9331
0.9346
0.9336
0.933
0.9338
0.9336
0.9323
0.9338
0.9339
0.9336
0.9339
0.9352
0.9348
0.9334
0.9344
0.9331
0.9324
0.9359
0.9352
0.9332
0.9336
0.9334
0.9344
0.934
0.9336
0.9339
0.9339
0.9336
0.9344
0.9334
0.9344
0.9343
0.9344
0.9336
0.9337
0.9341
0.9335
0.9332
0.9354
0.9341
0.9351
0.934
0.9338
0.9336
0.9329
0.9341
0.9338
0.9338
0.9337
0.9347
0.935
0.9333
0.9356
0.9346
0.9348
0.9349
0.9331
0.9365
0.934
0.9341
0.9361
0.9337
0.934
0.9339
0.9332
0.9336
0.933
0.9341
0.9343
0.9337
0.9338
0.9339
0.9353
0.9344
0.936
0.9364
0.9348
0.9354
0.9354
0.935
0.9339
0.9335
0.9342
0.935
0.9347
0.9342
0.934
0.9331
0.9338
0.9346
0.9333
0.9347
0.9346
0.9352
0.9339
0.9344
0.9353
0.9336
0.9345
0.9337
0.9348
0.9341
0.9349
0.9335
0.9356
0.9338
0.9343
0.9339
0.9346
0.9355
0.9352
0.9348
0.9333
0.9338
0.9341
0.9344
0.9325
0.9339
0.9332
0.9355
0.934
0.933
0.9352
0.9341
0.9352
0.9353
0.9351
0.9338
0.9335
0.9343
0.9341
0.9342
0.934
0.9334
0.9336
0.9346
0.9337
0.9343
0.9347
0.9345
0.9346
0.9349
0.9338
0.9353
0.935
0.9346
0.934
0.9349
0.9347
0.9346
0.9346
0.9344
0.9339
0.9341
0.9347
0.9346
0.9343
0.934
0.9347
0.9354
0.9346
0.9349
0.9352
0.9341
0.9336
0.9341
0.9336
0.9348
0.9347
0.9342
0.9352
0.9346
0.9337
0.9342
0.9343
0.9351
0.9338
0.9358
0.9345
0.9358
0.9336
0.9349
0.9337
0.9335
0.934
0.934
0.9342
0.934
0.9329
0.9325
0.9329
0.9339
0.9337
0.9341
0.9342
0.9347
0.9341
0.9337
0.9333
0.935
0.9348
0.9347
0.9335
0.9334
0.9336
0.9335
0.9333
0.9349
0.9337
0.9339
0.9341
0.9333
0.9352
0.9337
0.9341
0.9353
0.934
0.9344
0.9336
0.9338
0.9334
0.9339
0.9338
0.9338
0.934
0.936
0.9338
0.9343
0.9335
0.9339
0.9343
0.9337
0.9344
0.9338
0.9344
0.9337
0.9339
0.9336
0.9347
0.9341
0.9341
0.9346
0.9346
0.9337
0.9333
0.9335
0.934
0.9335
0.935
0.9362
0.9341
0.935
0.936
0.9344
0.9336
0.9332
0.9341
0.933
0.9349
0.9346
0.9357
0.9337
0.9341
0.9339
0.9342
0.9332
0.9337
0.9341
0.9355
0.9355
0.9339
0.9335
0.9341
0.9334
0.9341
0.9343
0.9336
0.9345
0.9342
0.934
0.9362
0.9336
0.9343
0.9343
0.9337
0.9339
0.9341
0.9339
0.9354
0.9355
0.9342
0.9341
0.9335
0.9336
0.9343
0.9333
0.9347
0.9344
0.9365
0.9359
0.9338
0.9338
0.9333
0.9355
0.9334
0.9337
0.9352
0.9336
0.9342
0.9362
0.9363
0.9353
0.9345
0.9339
0.9335
0.9348
0.934
0.9356
0.9328
0.9351
0.9353
0.9341
0.933
0.9331
0.9329
0.9332
0.9339
0.9328
0.9336
0.9348
0.9334
0.9339
0.9353
0.9338
0.9336
0.9328
0.934
0.9353
0.9333
0.9352
0.9338
0.9341
0.9333
0.9336
0.936
0.9361
0.934
0.9334
0.9345
0.9342
0.9337
0.9339
0.9335
0.9354
0.9352
0.9342
0.9337
0.9336
0.9359
0.9366
0.9336
0.9337
0.9334
0.9334
0.9349
0.9355
0.9351
0.9338
0.9358
0.9354
0.9333
0.9335
0.9337
0.9356
0.9338
0.9343
0.9361
0.9359
0.9338
0.9361
0.9355
0.9335
0.936
0.9363
0.9337
0.9339
0.9353
0.9341
0.9338
0.9336
0.9348
0.9354
0.9359
0.9333
0.9336
0.9336
0.9341
0.9334
0.936
0.9343
0.9339
0.9361
0.9347
0.9339
0.9335
0.9348
0.9336
0.9338
0.9337
0.9354
0.9365
0.9338
0.9337
0.9334
0.9339
0.9332
0.9336
0.9352
0.9333
0.9355
0.934
0.9339
0.9337
0.9341
0.9341
0.935
0.9333
0.9349
0.9353
0.935
0.9362
0.9351
0.9336
0.9337
0.9365
0.9333
0.9339
0.9357
0.9361
0.9333
0.9334
0.9336
0.9337
0.9334
0.9333
0.9337
0.9336
0.9336
0.9335
0.9335
0.9357
0.9331
0.9337
0.9333
0.9358
0.935
0.9353
0.9357
0.9337
0.9358
0.9357
0.9359
0.9339
0.9335
0.9335
0.9336
0.9336
0.9335
0.9343
0.9336
0.9342
0.9336
0.9359
0.9335
0.9329
0.9349
0.9336
0.9335
0.9341
0.9341
0.9336
0.934
0.9343
0.9362
0.9341
0.9336
0.9338
0.9363
0.9335
0.9335
0.936
0.934
0.9359
0.9354
0.9342
0.9337
0.935
0.9354
0.9335
0.9334
0.9335
0.9335
0.9335
0.9334
0.9337
0.9338
0.9338
0.9342
0.9337
0.9336
0.9341
0.9342
0.9345
0.934
0.9363
0.9338
0.9336
0.9335
0.9336
0.9333
0.9339
0.9339
0.935
0.9359
0.9357
0.9357
0.934
0.9358
0.9337
0.9335
0.9336
0.9335
0.9357
0.9358
0.9334
0.9335
0.9337
0.9339
0.9329
0.9336
0.9338
0.9337
0.9343
0.9358
0.9339
0.9337
0.9337
0.9337
0.9354
0.9359
0.9333
0.9333
0.9335
0.9333
0.9357
0.9349
0.9332
0.9336
0.9339
0.9337
0.9339
0.9336
0.9353
0.9337
0.9338
0.9338
0.9344
0.9337
0.9343
0.9357
0.9337
0.9338
0.9334
0.9353
0.9335
0.9337
0.9358
0.9336
0.934
0.9335
0.9335
0.9338
0.9335
0.9336
0.9335
0.9355
0.9341
0.9333
0.9356
0.9336
0.9358
0.9337
0.9333
0.9334
0.9337
0.9345
0.9358
0.9335
0.9334
0.9361
0.9356
0.9339
0.9337
0.9335
0.9334
0.934
0.936
0.9333
0.9337
0.9357
0.9358
0.9354
0.9332
0.9357
0.9333
0.9335
0.9334
0.9335
0.933
0.9334
0.9358
0.9357
0.9358
0.9335
0.9357
0.9333
0.9332
0.9333
0.9332
0.9352
0.9333
0.9361
0.9335
0.9333
0.9333
0.9362
0.9356
0.9356
0.9334
0.936
0.9338
0.9334
0.9331
0.9348
0.9332
0.9339
0.935
0.9355
0.9334
0.9334
0.9358
0.9353
0.9335
0.9358
0.9357
0.9333
0.9331
0.9328
0.9332
0.9355
0.9357
0.9333
0.9335
0.9357
0.9335
0.9357
0.9336
0.9354
0.9334
0.9359
0.935
0.9334
0.9333
0.9333
0.9339
0.9358
0.9335
0.9355
0.9356
0.9333
0.936
0.9355
0.9334
0.9333
0.9337
0.9356
0.9338
0.9335
0.9335
0.9337
0.9351
0.9337
0.9336
0.9355
0.936
0.9336
0.9334
0.9334
0.9333
0.9334
0.9334
0.9334
0.9334
0.9361
0.9333
0.9333
0.9358
0.9334
0.9357
0.9336
0.9333
0.9335
0.9336
0.9337
0.9335
0.9335
0.9333
0.9333
0.9353
0.9356
0.9332
0.9331
0.9335
0.9332
0.936
0.9364
0.9362
0.9335
0.9335
0.9334
0.9337
0.9333
0.9337
0.9337
0.9339
0.9361
0.9361
0.9337
0.9336
0.9334
0.9339
0.9337
0.9356
0.9335
0.9335
0.9333
0.9335
0.9333
0.9335
0.9356
0.9359
0.9361
0.9334
0.9334
0.9333
0.9334
0.9334
0.9361
0.9335
0.9356
0.9337
0.9334
0.9335
0.9355
0.9334
0.9355
0.9336
0.9357
0.9347
0.9333
0.9333
0.9332
0.9334
0.9335
0.9353
0.9329
0.9358
0.9357
0.9336
0.9334
0.9334
0.9336
0.9334
0.9357
0.9338
0.9356
0.9334
0.9336
0.9337
0.9334
0.9359
0.9335
0.9337
0.9363
0.9355
0.9333
0.9334
0.9337
0.9335
0.9356
0.9334
0.9327
0.9333
0.9332
0.9333
0.9334
0.9354
0.9333
0.9333
0.9333
0.9337
0.9334
0.9334
0.9335
0.9336
0.9331
0.9337
0.9337
0.9333
0.9358
0.9334
0.9336
0.9337
0.9334
0.9334
0.936
0.9357
0.9334
0.9332
0.9334
0.9361
0.9332
0.9359
0.9332
0.9333
0.9356
0.9334
0.9356
0.9334
0.9357
0.9362
0.9335
0.9335
0.9331
0.9338
0.9338
0.9354
0.9337
0.9337
0.9355
0.9353
0.9334
0.9337
0.9363
0.9338
0.9339
0.9362
0.9357
0.9334
0.9333
0.9362
0.9332
0.9334
0.9333
0.9336
0.9332
0.9361
0.9333
0.9333
0.9363
0.9361
0.9336
0.9333
0.9335
0.936
0.9333
0.9333
0.9333
0.9362
0.9358
0.9333
0.9359
0.9333
0.9334
0.9334
0.9334
0.9336
0.936
0.9356
0.9332
0.9333
0.9363
0.9333
0.936
0.9334
0.9333
0.9336
0.9334
0.9336
0.9337
0.9338
0.9334
0.9334
0.9356
0.9334
0.9335
0.9362
0.9359
0.9355
0.9334
0.9335
0.9362
0.9363
0.9333
0.9334
0.9359
0.935
0.9334
0.9358
0.9334
0.9357
0.9337
0.9334
0.9335
0.9334
0.9359
0.9335
0.9353
0.9336
0.9338
0.9336
0.9354
0.9363
0.9335
0.9334
0.9334
0.9357
0.936
0.9336
0.9336
0.9338
0.9337
0.9334
0.9334
0.9358
0.9333
0.9332
0.9335
0.9333
0.9335
0.9333
0.9334
0.9357
0.9334
0.9333
0.9355
0.9355
0.9333
0.9334
0.9358
0.9336
0.9358
0.9359
0.9334
0.9334
0.9333
0.9335
0.9335
0.9333
0.9359
0.9359
0.9334
0.9334
0.9335
0.9357
0.9357
0.9334
0.9358
0.9334
0.9334
0.9333
0.9359
0.9357
0.9358
0.9332
0.9361
0.9359
0.9358
0.9334
0.9334
0.936
0.9335
0.9356
0.9332
0.9333
0.9356
0.9334
0.9334
0.9335
0.9351
0.9333
0.9334
0.9333
0.9333
0.9333
0.9332
0.9334
0.9333
0.9334
0.9334
0.9333
0.9335
0.9361
0.9362
0.9337
0.9334
0.9334
0.9337
0.9335
0.9334
0.9357
0.936
0.9359
0.9334
0.9336
0.9332
0.9332
0.9334
0.9332
0.9356
0.9333
0.9356
0.9333
0.9333
0.9359
0.9359
0.9359
0.9359
0.9334
0.9362
0.9356
0.9363
0.9353
0.9334
0.9361
0.9332
0.9333
0.9333
0.9332
0.9358
0.9358
0.9333
0.9359
0.9359
0.9356
0.9333
0.9334
0.9334
0.9335
0.9334
0.9332
0.9334
0.9364
0.9334
0.9333
0.9334
0.9359
0.9335
0.9361
0.9333
0.9363
0.9334
0.9335
0.9357
0.9334
0.9338
0.9334
0.9333
0.9335
0.9332
0.9334
0.9332
0.9333
0.9361
0.9359
0.9337
0.9359
0.9362
0.9361
0.936
0.936
0.9334
0.9353
0.9362
0.9332
0.9332
0.9362
0.936
0.9359
0.9334
0.9333
0.936
0.936
0.9361
0.9334
0.9361
0.9361
0.936
0.9361
0.9334
0.9336
0.9359
0.9333
0.9362
0.9361
0.9334
0.9361
0.936
0.9333
0.9334
0.9333
0.9361
0.9331
0.9333
0.9333
0.9331
0.9332
0.9335
0.9335
0.9334
0.9361
0.9361
0.9361
0.9361
0.9361
0.9361
0.9334
0.9334
0.9335
0.936
0.9359
0.9332
0.9361
0.936
0.936
0.9334
0.9361
0.936
0.9361
0.936
0.9361
0.9359
0.9359
0.936
0.936
0.936
0.936
0.936
0.9361
0.9361
0.9359
0.936
0.9361
0.9363
0.9361
0.936
0.936
0.9361
0.9361
0.9362
0.9358
0.9362
0.9361
0.9361
0.9361
0.9361
0.936
0.9361
0.9361
0.9331
0.9361
0.9361
0.9334
0.9333
0.9333
0.9363
0.9332
0.9328
0.9331
0.9332
0.9332
0.9332
0.9332
0.9333
0.9362
0.9362
0.9362
0.9362
0.9362
0.9362
0.9361
0.9362
0.9362
0.9361
0.9362
0.9359
0.9362
0.9362
0.9362
0.9362
0.9362
0.9362
0.9361
0.9332
0.9362
0.9362
0.9362
0.9331
0.936
0.936
0.9361
0.9363
0.9332
0.9332
0.9363
0.9332
0.9332
0.9362
0.9361
0.9332
0.9361
0.9333
0.9332
0.933
0.9333
0.9331
0.9355
0.9331
0.9361
0.936
0.936
0.9359
0.9359
0.9358
0.9332
0.9332
0.9332
0.9332
0.9334
0.9332
0.9332
0.9332
0.9331
0.9354
0.9333
0.9357
0.9332
0.9332
0.9333
0.9333
0.9333
0.9333
0.9333
0.9336
0.9332
0.9332
0.9332
0.9332
0.9332
0.9333
0.9333
0.9331
0.9332
0.9333
0.9332
0.9332
0.9332
0.9332
0.9334
0.9333
0.9332
0.9334
0.9332
0.9333
0.9332
0.9331
0.9333
0.9332
0.9332
0.9332
0.9332
0.9331
0.9332
0.9333
0.9331
0.9333
0.9332
0.9333
0.9333
0.9333
0.9332
0.9332
0.9331
0.9332
0.9332
0.9332
0.9332
0.9333
0.9332
0.9332
0.9333
0.9332
0.9332
0.9332
0.9332
0.9332
0.9332
0.9332
0.9332
0.9332
0.9332
0.9332
0.9332
0.9332
0.9333
0.9333
0.9332
0.9333
0.9332
0.9333
0.9332
0.9332
0.9332
0.9332
0.9332
0.9332
0.9332
0.9332
0.9332
0.9364
0.9364
0.9361
0.9362
0.9362
0.9333
0.9332
0.9363
0.9332
0.9332
0.9332
0.9332
0.9332
0.9332
0.9332
0.9363
0.9333
0.9363
0.9332
0.9363
0.9361
0.9332
0.9362
0.9363
0.9362
0.9361
0.9332
0.9362
0.9363
0.9332
0.9332
0.9333
0.9333
0.9332
0.9332
0.9362
0.9332
0.9332
0.9332
0.9332
0.9332
0.9333
0.9333
0.9333
0.9333
0.9333
0.9333
0.9333
0.9332
0.9332
0.9333
0.9332
0.9333
0.9332
0.9332
0.9332
0.9332
0.9331
0.9332
0.9332
0.9332
0.9332
0.9332
0.9332
0.9332
0.9331
0.9332
0.9332
0.9332
0.9333
0.9332
0.9332
0.9333
0.9332
0.9332
0.9363
0.9332
0.9332
0.9363
0.9331
0.9331
0.9332
0.9332
0.9331
0.9332
0.9332
0.9331
0.9331
0.9332
0.9331
0.9363
0.9333
0.9332
0.9332
0.9332
0.9332
0.9331
0.9331
0.9331
0.9332
0.9332
0.9332
0.9331
0.9332
0.9332
0.9331
0.9331
0.9332
0.9331
0.9332
0.9331
0.9332
0.9333
0.9333
0.9333
0.9332
0.9333
0.9333
0.9333
0.9333
0.9333
0.9333
0.9331
0.9332
0.9332
0.9333
0.9333
0.9333
0.9332
0.9332
0.9332
0.9332
0.9331
0.9331
0.9364
0.9333
0.9333
0.9332
0.9357
0.9332
0.9332
0.9363
0.9364
0.9364
0.9363
0.9363
0.9364
0.9332
0.9332
0.9332
0.9332
0.9332
0.9332
0.9332
0.9332
0.9332
0.9332
0.9333
0.9332
0.9333
0.9333
0.9332
0.9331
0.9331
0.9332
0.9331
0.9333
0.9333
0.9333
0.9333
0.9333
0.9333
0.9333
0.9333
0.9361
0.9331
0.9332
0.9332
0.9332
0.9331
0.9332
0.9332
0.936
0.9332
0.9332
0.9332
0.9332
0.9332
0.9332
0.9332
0.9332
0.9332
0.9332
0.9332
0.9332
0.9332
0.9361
0.9359
0.9332
0.936
0.936
0.9332
0.9332
0.9332
0.9332
0.9333
0.9332
0.9332
0.9332
0.9332
0.9331
0.9332
0.9331
0.9332
0.9332
0.9331
0.9332
0.9332
0.9332
0.9333
0.936
0.9362
0.9332
0.9332
0.9332
0.9336
0.936
0.9361
0.936
0.9361
0.9332
0.9331
0.9333
0.9332
0.9333
0.9333
0.9333
0.9333
0.9333
0.9332
0.9333
0.9333
0.9333
0.9333
0.9333
0.9332
0.9332
0.9333
0.9332
0.9333
0.9332
0.9331
0.9333
0.9332
0.9332
0.9333
0.9332
0.9332
0.9332
0.9332
0.9333
0.9332
0.9332
0.9332
0.9332
0.9333
0.9332
0.9332
0.9332
0.9332
0.9332
0.9332
0.9332
0.9333
0.9332
0.9359
0.9359
0.936
0.936
0.936
0.936
0.936
0.936
0.936
0.936
0.9361
0.936
0.936
0.9361
0.936
0.936
0.9362
0.936
0.936
0.936
0.936
0.936
0.936
0.936
0.936
0.936
0.9359
0.936
0.936
0.936
0.936
0.936
0.936
0.9359
0.9359
0.9359
0.9359
0.936
0.936
0.936
0.936
0.936
0.9361
0.936
