0.4091
0.5212
0.6221
0.679
0.7025
0.7399
0.7557
0.7647
0.7803
0.8331
0.8334
0.8118
0.8318
0.9015
0.8818
0.8417
0.8855
0.8898
0.839
0.8795
0.9142
0.9185
0.8351
0.8904
0.8325
0.8544
0.8477
0.8308
0.8525
0.8242
0.8238
0.8408
0.8473
0.8651
0.8349
0.8353
0.8319
0.8663
0.882
0.8761
0.8703
0.8663
0.8697
0.8883
0.8853
0.8905
0.8723
0.8762
0.8902
0.8842
0.9208
0.8747
0.9186
0.887
0.902
0.882
0.8866
0.8839
0.8846
0.8797
0.8886
0.8899
0.9167
0.8879
0.8942
0.8976
0.8908
0.9189
0.8962
0.8961
0.9234
0.8972
0.8904
0.8893
0.8941
0.8973
0.898
0.8999
0.8938
0.8978
0.9068
0.9024
0.9006
0.9106
0.9234
0.9231
0.9127
0.9057
0.9189
0.9219
0.9204
0.9224
0.927
0.9217
0.9283
0.9275
0.9269
0.9291
0.9188
0.9149
0.9283
0.9274
0.9274
0.9261
0.9261
0.9304
0.921
0.9273
0.9292
0.9267
0.9301
0.9309
0.9299
0.9298
0.9286
0.928
0.928
0.9275
0.93
0.9321
0.929
0.9296
0.9309
0.9289
0.9292
0.9302
0.9277
0.9303
0.9298
0.9294
0.9289
0.9301
0.9299
0.9287
0.929
0.9281
0.9297
0.9299
0.9309
0.9302
0.9307
0.9302
0.9317
0.9293
0.932
0.9291
0.9301
0.9311
0.9287
0.9307
0.9316
0.9307
0.9299
0.9308
0.9292
0.9315
0.9299
0.9295
0.9318
0.9317
0.9299
0.9316
0.9326
0.933
0.9312
0.9331
0.933
0.9337
0.9321
0.9315
0.9322
0.9323
0.932
0.9334
0.9318
0.9324
0.932
0.9331
0.933
0.9348
0.9337
0.9321
0.9321
0.9336
0.9327
0.931
0.9338
0.9323
0.9313
0.9321
0.932
0.9336
0.933
0.9325
0.9337
0.934
0.9319
0.9333
0.9341
0.9339
0.9339
0.9333
0.9336
0.9326
0.9322
0.9328
0.9332
0.9344
0.9334
0.9345
0.934
0.9358
0.9341
0.9348
0.9335
0.9346
0.9332
0.9339
0.9347
0.9342
0.9334
0.9335
0.9342
0.9336
0.9329
0.9348
0.9344
0.9338
0.9346
0.9342
0.9318
0.9358
0.9352
0.9348
0.9349
0.9356
0.9342
0.9339
0.9359
0.9363
0.9357
0.9346
0.9343
0.9345
0.9325
0.934
0.9346
0.9338
0.9338
0.9337
0.9353
0.9345
0.9332
0.9323
0.933
0.9345
0.9347
0.9341
0.9345
0.9324
0.9334
0.9347
0.9349
0.9348
0.9344
0.935
0.9342
0.9335
0.9333
0.9344
0.9352
0.9337
0.9338
0.9347
0.9355
0.9348
0.9355
0.9359
0.9367
0.9345
0.9339
0.9331
0.9348
0.9343
0.9346
0.9354
0.9369
0.9351
0.935
0.9354
0.9355
0.935
0.9347
0.9358
0.935
0.9347
0.9335
0.9336
0.935
0.9356
0.9349
0.9359
0.9355
0.935
0.9356
0.9363
0.936
0.9353
0.9353
0.9357
0.9337
0.9345
0.9341
0.935
0.9365
0.9348
0.9341
0.9342
0.935
0.9354
0.9347
0.9347
0.9342
0.9347
0.9347
0.9347
0.935
0.9352
0.9358
0.9342
0.9343
0.9356
0.9343
0.9348
0.9355
0.9347
0.9356
0.9353
0.9356
0.9355
0.9352
0.936
0.9358
0.9353
0.9348
0.9364
0.9351
0.9354
0.9369
0.9356
0.9353
0.9351
0.9357
0.9359
0.935
0.9351
0.9347
0.9361
0.9346
0.9347
0.9355
0.9356
0.935
0.9355
0.9346
0.935
0.9362
0.936
0.9352
0.9343
0.935
0.9343
0.9352
0.935
0.9355
0.9362
0.9355
0.9346
0.9347
0.9358
0.936
0.9359
0.935
0.9355
0.9352
0.9352
0.9342
0.9345
0.9355
0.9348
0.9358
0.9363
0.9357
0.9361
0.9351
0.935
0.9351
0.9359
0.9352
0.9347
0.9353
0.9354
0.9347
0.9345
0.9352
0.9345
0.9344
0.9357
0.9356
0.9373
0.9359
0.9363
0.9356
0.9357
0.9359
0.9356
0.9361
0.9357
0.9351
0.9369
0.9355
0.9358
0.9356
0.9342
0.9349
0.9353
0.9349
0.9346
0.935
0.933
0.9352
0.9346
0.9341
0.9353
0.9352
0.9348
0.9345
0.9347
0.9342
0.9345
0.9355
0.9355
0.9354
0.9353
0.9351
0.9344
0.9354
0.9344
0.9355
0.9351
0.9346
0.9352
0.9344
0.9353
0.9356
0.935
0.9356
0.9357
0.9353
0.935
0.9351
0.9347
0.9349
0.9349
0.9352
0.9345
0.9354
0.935
0.9352
0.9359
0.9349
0.9347
0.935
0.9358
0.9359
0.9351
0.935
0.9351
0.9348
0.9341
0.9341
0.9349
0.9341
0.9349
0.9346
0.9355
0.9348
0.9353
0.9354
0.9347
0.9345
0.9349
0.9346
0.9349
0.9348
0.9345
0.934
0.9349
0.9344
0.9342
0.9347
0.9351
0.9349
0.9355
0.9362
0.9352
0.9351
0.9348
0.935
0.9355
0.9344
0.9351
0.9348
0.9355
0.9353
0.9366
0.9351
0.9354
0.9353
0.935
0.9354
0.9356
0.9348
0.9348
0.9356
0.9347
0.9342
0.9351
0.9354
0.9354
0.9351
0.9349
0.9346
0.9351
0.9345
0.9349
0.9353
0.9351
0.936
0.9353
0.9361
0.9348
0.9347
0.9345
0.9348
0.9352
0.9348
0.9351
0.9351
0.9348
0.9355
0.9359
0.9351
0.9351
0.9355
0.9344
0.9354
0.935
0.9353
0.9353
0.9355
0.9367
0.9353
0.9362
0.9357
0.9362
0.9365
0.9361
0.9368
0.9364
0.9353
0.9365
0.937
0.9371
0.9366
0.9363
0.9355
0.9359
0.9354
0.9358
0.9353
0.9354
0.936
0.9366
0.9355
0.9362
0.9347
0.9358
0.9355
0.937
0.9353
0.935
0.9357
0.9357
0.9357
0.9358
0.9354
0.9348
0.9347
0.9346
0.9352
0.9352
0.936
0.9346
0.9352
0.9359
0.9354
0.9343
0.9352
0.9357
0.9352
0.9358
0.9366
0.9351
0.9352
0.9349
0.9352
0.9348
0.9348
0.9352
0.9353
0.936
0.9354
0.9353
0.9351
0.935
0.9351
0.9362
0.935
0.9363
0.9352
0.9363
0.9344
0.9351
0.935
0.9342
0.9344
0.935
0.9347
0.9347
0.9346
0.9348
0.9353
0.935
0.935
0.935
0.9348
0.9347
0.9346
0.9346
0.9351
0.9349
0.9348
0.9344
0.9347
0.9351
0.935
0.9353
0.9349
0.935
0.9346
0.9353
0.9351
0.9364
0.9354
0.9347
0.9352
0.9348
0.9356
0.9353
0.9358
0.9359
0.936
0.9354
0.9349
0.9352
0.9351
0.936
0.9357
0.9355
0.9356
0.9367
0.9352
0.9369
0.9357
0.9358
0.9356
0.9346
0.9351
0.9353
0.9362
0.9352
0.935
0.9346
0.9352
0.9364
0.9349
0.9353
0.9347
0.9354
0.9347
0.9354
0.9349
0.9355
0.935
0.935
0.9348
0.9353
0.9357
0.9354
0.9352
0.9346
0.9351
0.935
0.9362
0.9354
0.9361
0.9351
0.9354
0.9355
0.9354
0.9354
0.9363
0.9353
0.9349
0.9356
0.9353
0.9362
0.9366
0.9367
0.935
0.9354
0.935
0.9354
0.9353
0.9361
0.9361
0.9353
0.9355
0.9361
0.9362
0.9366
0.9365
0.9353
0.935
0.9362
0.9356
0.9362
0.9361
0.9363
0.9365
0.9362
0.9352
0.9363
0.9362
0.9364
0.9349
0.9362
0.9351
0.9362
0.9365
0.935
0.9362
0.9361
0.9351
0.9361
0.936
0.9364
0.9353
0.9363
0.9351
0.9368
0.9362
0.9363
0.9365
0.9352
0.9363
0.9348
0.9353
0.9367
0.9366
0.9365
0.9367
0.9363
0.9356
0.9354
0.9364
0.9357
0.9362
0.9366
0.9367
0.935
0.9356
0.9364
0.9354
0.9362
0.9363
0.9362
0.9356
0.9361
0.9366
0.9363
0.9364
0.9364
0.9365
0.9367
0.9365
0.9363
0.9366
0.9364
0.9364
0.9356
0.9368
0.936
0.9359
0.9354
0.9349
0.9362
0.9353
0.9352
0.9351
0.9353
0.9352
0.9351
0.9356
0.9362
0.9353
0.9364
0.9351
0.9352
0.9353
0.9364
0.9362
0.936
0.9364
0.9362
0.935
0.9349
0.9353
0.9361
0.935
0.9364
0.9366
0.9367
0.9366
0.9364
0.9363
0.9368
0.9361
0.9363
0.9361
0.9363
0.9366
0.9363
0.9364
0.9363
0.937
0.9365
0.9363
0.9365
0.9362
0.9362
0.9362
0.936
0.936
0.9366
0.9368
0.9365
0.9364
0.9367
0.9367
0.9364
0.9365
0.9364
0.9367
0.9365
0.9362
0.9365
0.9363
0.9362
0.9366
0.9364
0.9368
0.9364
0.937
0.9368
0.9369
0.937
0.9369
0.9368
0.9364
0.9368
0.9364
0.9363
0.9363
0.9367
0.9368
0.9366
0.9367
0.9363
0.9353
0.9361
0.9364
0.9363
0.9366
0.9366
0.9366
0.9364
0.9366
0.9361
0.9355
0.9367
0.9365
0.9362
0.9366
0.9359
0.9355
0.9367
0.9362
0.9358
0.9365
0.9365
0.9368
0.9367
0.9363
0.9365
0.9361
0.9364
0.9364
0.9364
0.9364
0.9366
0.9363
0.9367
0.9366
0.9369
0.9365
0.9366
0.9365
0.9365
0.9366
0.9368
0.9369
0.9368
0.9363
0.9365
0.9364
0.9366
0.9367
0.937
0.9365
0.9369
0.9367
0.9366
0.9367
0.9366
0.9368
0.9363
0.9367
0.9365
0.9368
0.9367
0.9368
0.9368
0.9364
0.9366
0.9364
0.9365
0.9366
0.9365
0.9365
0.9365
0.9364
0.9366
0.9365
0.9366
0.9363
0.9369
0.9366
0.9365
0.9363
0.9363
0.9365
0.9365
0.9364
0.9363
0.9364
0.9362
0.9364
0.9366
0.9364
0.9367
0.9366
0.9363
0.9364
0.9364
0.9364
0.9366
0.9361
0.9365
